0.1 10.0 3.5346515108636405 9999 0.25874046664666467
0.2 10.0 3.280913601140381 9999 0.2592279391939194
0.3 10.0 3.011085074196107 9998 0.25980230186037206
0.4 10.0 2.71974239327841 9997 0.2604968609582875
0.5 10.0 2.4022543622659676 9996 0.26137383113245294
0.6 10.0 2.046606410989267 9995 0.26253577368684344
0.7 10.0 1.6316829151863368 9988 0.2642311775130156
0.8 10.0 1.1003732802583293 9955 0.26755790215971875
0.9 10.0 0.4883780592839968 5273 0.27780331443201206
1.0 10.0 0.05777411889345229 6 6.662230666666667
1.1 10.0 5.283228524084899e-06 4 10.682702500000001
1.2 10.0 5.283284477128892e-06 4 11.515955000000002
1.3 10.0 5.283335321675272e-06 4 12.3489825
1.4 10.0 5.283389309633634e-06 4 13.181732499999999
1.5 10.0 5.283454543416134e-06 4 14.01431
