#turning_on_forward pressure N_not_eqm N_less_eqm N_eqm less_500eV_unique_event
#turning_on_forward pressure N_not_eqm N_less_eqm N_eqm less_500eV_unique_event
263.10721866781876 4957 8 0 
387.11628446512975 3819 5 0 
850.4687867726184 5223 9 0 
308.3698353340461 3367 6 0 
242.10280482740222 5060 20 7 
682.0945421360552 4072 9 0 
436.75825961910965 7467 0 2 
766.1664811365526 6885 1 3 
908.9355478986326 5530 4 0 
327.743646700998 5611 1 0 
340.3194533871849 3154 4 1 
575.0417310927567 4253 17 1 
522.1393310064536 2891 1 0 
100.21916647434108 7214 34 17 
511.45193240992177 5700 18 0 
649.5680848646136 7156 5 4 
407.6415894423608 4334 14 0 
193.58544672751196 6311 20 1 
486.017743550513 6355 3 0 
999.8278629518015 6777 1 0 
727.3074109792824 3260 13 2 
829.950679512292 3729 9 1 
755.026894506597 3543 17 1 
162.8015417346026 4594 5 0 
618.6795840058951 4500 17 0 
929.4222184101851 2811 10 0 
146.30884699229904 5983 9 4 
814.0138761466428 4846 10 3 
608.0704656698771 6135 6 3 
942.388952017553 6633 20 1 
929.4222184101851 6051 24 3 
225.05873907787225 4086 21 0 
801.2420922782181 5227 13 0 
308.3698353340461 4486 6 0 
571.0790981350285 7429 0 6 
892.3698926953036 3237 2 0 
521.4912947714812 5704 15 1 
766.1664811365526 6373 9 3 
815.7700794941243 3727 10 0 
327.743646700998 6125 2 0 
760.0475413993486 5486 8 0 
740.0001117282392 2927 7 0 
547.9262435690307 5187 9 0 
709.8598486165006 7184 7 4 
941.1992339542151 5694 12 0 
928.9143297340172 7154 3 1 
990.9027357266953 4205 14 0 
929.0241682804872 6171 13 4 
486.017743550513 3612 10 1 
518.6951750377742 5863 20 1 
800.1513183974445 5605 22 0 
864.0988009334667 3733 13 1 
866.4873170387098 4209 17 4 
761.7877113389396 4355 24 1 
955.0326650534091 4500 17 0 
621.8724717572404 3292 11 0 
934.720907164741 3376 11 3 
814.0138761466428 4315 20 0 
608.0704656698771 3415 6 0 
779.7668230705142 6631 18 1 
889.832471713686 2817 19 1 
934.8890328216003 3818 4 0 
616.048418236064 4195 15 3 
621.3892867665536 3106 13 0 
972.1051404093307 5335 5 1 
706.4922503074038 3070 21 0 
