#turning_on_forward forward_field backward_field N_not_eqm N_less_eqm N_eqm less_500eV_unique_event
#turning_on_forward forward_field backward_field N_not_eqm N_less_eqm N_eqm less_500eV_unique_event
#turning_on_forward forward_field backward_field N_not_eqm N_less_eqm N_eqm less_500eV_unique_event
718.1839402673531 6626 5 3 3
#turning_on_forward forward_field backward_field N_not_eqm N_less_eqm N_eqm less_500eV_unique_event
828.235502492998 6647 17 0
993.1322115254133 6618 2 1
567.8263658601726 6670 1 0
455.5059079595559 6660 4 0
542.7750549315384 6642 0 3
782.6710629462866 6671 6 2
943.7721841729797 6615 0 0
303.83146909198746 6662 21 0
403.16338033257557 6667 10 0
278.05684243561706 6679 37 2
580.3398755802675 6619 1 0
216.2492149507005 6716 9 0
932.7647843180978 6681 7 0
178.13107260156278 6720 0 0
221.87801458262527 6673 9 0
652.2688100978662 6711 12 2
240.9711178172629 6652 4 0
426.79530865822466 6723 17 4
504.384790431001 6628 1 1
629.676936666473 6675 4 0
134.87998975802702 6706 0 0
526.7765939121884 6671 3 0
461.4425908590058 6638 1 0
612.7805864866655 6670 9 0
157.4130911484222 6696 6 1
115.67021776527673 6680 0 0
489.0329423354412 6647 5 0
372.5804358083318 6660 0 0
708.1445150501697 6707 6 3
723.9005358365271 6711 4 0
395.53765022390303 6642 13 0
686.6471449171681 6695 7 0
882.1719037086199 6692 4 0
185.21187515510934 6677 7 1
813.8829885552193 6678 5 0
280.5550988882638 6669 8 4
661.0542392737198 6678 16 0
357.5938051324317 6701 0 0
968.6394403535489 6666 1 0
869.0512711192347 6641 10 1
846.8497191122901 6627 2 0
746.7373831040916 6688 1 1
908.5742231997542 6702 14 1
776.6424694847143 6711 12 3
335.6858696410124 6635 3 3
651.5539536821057 6664 5 2
734.0795269272296 6648 11 3
501.5250480685142 6670 6 2
985.3633333487032 6650 10 0
265.4142201736 6642 0 3
703.0894899525505 6671 8 0
899.5011755209393 6629 7 1
726.045250744229 6630 7 2
672.2057607820338 6638 11 0
952.7017513041804 6713 9 0
922.3407609342728 6625 7 0
819.751261734004 6646 6 0
938.5963869208877 6718 21 1
778.4026108217352 6720 0 0
879.1075415377052 6670 6 0
427.8511033817517 6634 7 0
803.7629801795322 6672 2 0
738.3776941204882 6673 19 0
580.5929050665465 6642 19 1
203.76237970673185 6699 4 0
864.9010108370016 6719 12 0
526.7765939121884 6668 0 0
983.3406970018194 6637 16 5
831.5800915461923 6613 2 0
883.711164396696 6684 6 1
650.9450797274241 6687 25 0
661.2727169251543 6615 1 0
372.5804358083318 6669 8 0
242.7571997216229 6639 2 0
576.1927605455113 6640 0 0
395.53765022390303 6713 16 1
686.6471449171681 6701 14 0
806.5207895386086 6694 6 0
603.6954156523841 6649 13 0
662.4448460738203 6667 0 0
907.3096781950806 6640 2 1
792.2929128579826 6635 8 0
708.2333512946554 6703 2 0
745.1039466162324 6632 20 0
748.2385898583624 6642 7 2
778.4067783039911 6652 7 2
527.2463297863436 6644 10 0
915.1627708927746 6634 10 0
836.6255422264917 6721 22 3
920.297604851058 6645 13 3
831.5800915461923 6613 2 0
831.5800915561923 6613 2 0
831.5800915461923 6613 2 0
831.5800915461923 6613 2 0
#turning_on_forward forward_field backward_field N_not_eqm N_less_eqm N_eqm less_500eV_unique_event
548.6483296590245 0.016630501488226895 0.03291126988293423 6639 0 0
296.41627583948525 0.036397551125611834 0.034109356128782194 6651 12 0
120.9113844003491 0.017650058103004386 0.020286028961831334 6681 1 0
465.0450789502091 0.020099005976454882 0.02105817035076226 6682 6 3
765.0082547899547 0.028355148989969513 0.032271496048142 6645 2 0
666.3066189599543 0.029182479823556404 0.038677740138277884 6613 0 0
377.91436123498033 0.014520493024113948 0.028806448076580272 6652 0 0
610.6259215429774 0.010405187055854265 0.010670043473387583 6713 0 0
623.6439533679933 0.030857141712142745 0.021871249183208243 6697 16 2
641.2812347117199 0.01472421538175788 0.026052119835458597 6663 3 1
308.06769713731506 0.013333091234418731 0.014203643730018941 6698 5 0
148.98211297643638 0.017134296562587227 0.02805682999030198 6672 10 0
481.2951557693979 0.033529009317061445 0.015403089339957281 6701 9 0
166.31257084345475 0.02938551363390473 0.012961078450681372 6721 15 0
501.4676888498541 0.01901082052708112 0.03188753662201344 6659 14 2
447.73595020907857 0.026990477478487318 0.01930223206732684 6717 31 1
716.4008122933594 0.032859605776635305 0.024028508003300156 6667 0 1
530.1065455070147 0.01211193574260846 0.03537732144303494 6648 15 1
223.60137801122033 0.022922398330775133 0.011492477282105302 6706 0 0
749.3585339308108 0.03203257933923018 0.03746794595340705 6624 4 0
904.5119812345365 0.030030575093926277 0.0307460741604387 6644 4 0
796.6961824419267 0.03402441596723119 0.01646925857347019 6693 1 2
886.3684466391428 0.021503878618444806 0.010470705322845194 6715 2 1
933.0440847107873 0.024791393837249983 0.033731085395565893 6643 2 0
241.54684409036992 0.039725609127774994 0.036497613882879296 6647 19 1
971.0085068026281 0.034864801137955384 0.018083769674035223 6693 11 0
818.5275384180347 0.022406205498184343 0.03055291857002935 6647 0 0
419.507964322273 0.025569032292330023 0.012476790434731396 6720 14 2
105.31715077574296 0.035856060740567845 0.019422646560387676 6694 15 0
381.78668321860505 0.02405091730872182 0.01680835887662877 6703 16 0
