1.0 0.0026319027386671823 0.004337560530408747 4.211044381867492e-07 0.0025035470117081454 8819.0 8434.0 1649.0
1.1 0.0026769636248113217 0.0048017111014277605 4.283141799698115e-07 0.002546410315580921 8662.0 8347.0 1611.0
1.2 0.00278304764130358 0.005293586219563767 4.4528762260857283e-07 0.002647320702039079 8334.0 8171.0 1610.0
1.3 0.003577148967203188 0.006973410443742418 5.723438347525101e-07 0.0034026943608910076 7587.0 7587.0 2021.0
1.4 0.003578776004589667 0.007202160630336322 5.726041607343467e-07 0.0034042420490053944 7170.0 7170.0 2305.0
1.5 0.00418717633638026 0.00890678440633881 6.699482138208418e-07 0.00398297119814862 6121.0 6121.0 3195.0
1.6 0.003533638459152653 0.008410838474625808 5.653821534644245e-07 0.003361305824450264 5063.0 5063.0 3560.0
1.7 0.00396257094678879 0.00972168116827351 6.340113514862064e-07 0.003769319628254351 4583.0 4583.0 4079.0
1.8 0.0037572613540455026 0.009862671763299231 6.011618166472805e-07 0.0035740228151024457 3767.0 3767.0 4568.0
1.9 0.0037151637676306757 0.010332335444914688 5.944262028209082e-07 0.003533978293273977 3213.0 3213.0 4851.0
2.0 0.0036913731438131857 0.010581694972654754 5.906197030101098e-07 0.003511347918568295 2814.0 2814.0 5029.0
2.1 0.003923480958625218 0.011731818949079544 6.27756953380035e-07 0.003732136026589733 2457.0 2457.0 5249.0
2.2 0.003901946457576795 0.012293659791932605 6.243114332122873e-07 0.0037116517454055032 2194.0 2194.0 5474.0
2.3 0.003890040180386767 0.012842356824704856 6.224064288618828e-07 0.003700326127539108 1790.0 1790.0 5602.0
2.4 0.003811931525819632 0.013275912894136413 6.099090441311412e-07 0.0036260267676664396 1521.0 1521.0 5758.0
2.5 0.003997618859351609 0.01428108444221283 6.396190174962575e-07 0.003802658283013185 1521.0 1521.0 5929.0
2.6 0.004099172160596194 0.014976472218452533 6.558675456953911e-07 0.0038992589134714097 1342.0 1342.0 5950.0
2.7 0.003916718172337188 0.014850651706014819 6.266749075739502e-07 0.0037257030558140764 1195.0 1195.0 6004.0
2.8 0.004099172160596194 0.016085610932241954 6.558675456953911e-07 0.0038992589134714097 1080.0 1080.0 5978.0
2.9 0.0044307622472906805 0.01749245775478294 7.089219595665089e-07 0.004214677624983683 1039.0 1039.0 6056.0
3.0 0.004181205996364238 0.017410280966282388 6.689929594182782e-07 0.003977292026693537 842.0 842.0 6074.0
