#volt mean standard_deviation spread
#volt mean standard_deviation spread
0.023345954332985617 0.0006190374999745264 0.00016026350398139376 0.25889143062898234
0.02194874024797044 0.0005934332552283852 0.00015399346094080294 0.2594958398169613
0.03028676034358731 0.0007006775530858139 0.0001875539160840092 0.26767507430202914
0.020696438628583162 0.000568278594241304 0.00015288345173789325 0.26902905245270503
0.030650408433389755 0.0007067934180773449 0.00018552615352029412 0.2624899281390759
0.021557031647767906 0.0005861159042483621 0.0001537836006159256 0.26237745725930856
0.028092845900071686 0.0006938730131553262 0.0001733409296713174 0.24981650299824293
0.03132836855510424 0.0007090810161793095 0.0001909873387857654 0.2693448765767963
0.025565999114287082 0.0006536758330536001 0.00016911313124005212 0.25871100427570065
0.026923456143643505 0.0006769327803067361 0.00017156373702299242 0.25344279670612546
0.025626482241961547 0.000657025174927783 0.00016853393108473417 0.2565106140769394
0.02284822829454128 0.0006138265262457457 0.00015625791630737595 0.2545636423747807
0.027677175735824885 0.0006856260804301278 0.00016995925643614266 0.24788913561969325
0.02419513509055799 0.00063560230670123 0.0001600754675264364 0.2518484685136317
0.029248372797472926 0.0007009127985423281 0.00017843822532169604 0.2545797789579386
0.02040069433916493 0.000562363152867599 0.00015058835630086054 0.2677777794170568
0.021891359739838353 0.0005901595087634728 0.00015483624383224004 0.2623633806335841
0.024130993733820598 0.0006360107927543643 0.00015839441276278726 0.24904359260450673
0.03175502262697398 0.000710561509157214 0.0001918253017517709 0.269962978967566
0.023772934746788762 0.0006325657035035911 0.0001579438229147671 0.24968761670125933
0.020435946695490256 0.0005630841052920071 0.00015021086296800772 0.2667645233745509
0.02590817634377719 0.0006636264430203367 0.00016623336507433402 0.25049237688263704
0.028147165963461146 0.0006913716769400784 0.00017768735819679693 0.2570069965596771
0.027100798701494025 0.0006792052917998078 0.00016987504668582675 0.2501085441128991
0.03144307212535291 0.0007072821717272243 0.00019780866902834195 0.2796743321626242
0.022345644879270717 0.0006017471453544182 0.000157637266452096 0.26196595641388626
0.021596317405172923 0.0005842200530925756 0.00015886451555482172 0.27192581753034767
0.023610708859692 0.0006252744679422213 0.00016187973952036113 0.25889389031525223
0.02913338601131655 0.0007018263871938539 0.00017884272097488525 0.2548247319254562
0.025229582465670457 0.0006583573951346663 0.0001590729724099889 0.24162100036478013
0.02040069433916493 0.000562363152867599 0.00015058835630086054 0.2677777794170568
0.02040070433916493 0.000562376882758055 0.00015059910340067256 0.2677903520181912
0.014495338968710789 0.0004307174753807364 0.00013778455864741268 0.3198954454439464
0.018547402203497675 0.0005205907641580925 0.0001509503295586004 0.28995967648930465
0.012285714262871852 0.00037395421747167415 0.0001318152003060251 0.35249020908825474
0.015196576090584255 0.0004474029128731161 0.00014022202370808117 0.31341330079325674
0.011380383535292568 0.00034962834908938825 0.00012976606499286308 0.3711542995035744
0.010101980727778431 0.00031476332081103835 0.00012336915743259584 0.3919426098146231
0.01779964197305833 0.0005049975573579756 0.00014847384167414928 0.29400902937219797
0.013655081398973585 0.0004101720431047874 0.0001347502837170492 0.3285213753162214
0.019660078462749433 0.0005448854341365344 0.00015023465314703308 0.2757178734004993
0.012788159403019835 0.0003859924370066315 0.0001356065744891303 0.3513192526277413
0.010994505980602927 0.0003385888951501656 0.00012698017498015366 0.3750275830039772
0.018804837016249153 0.0005258223157271212 0.00014905106116058106 0.28346279095148186
0.01700756326125127 0.000486021709537768 0.0001465612271213156 0.3015528406348411
0.01597461739467728 0.00046464585003925493 0.00014343221467288941 0.30869147902810656
0.016086908725088247 0.0004677567935564826 0.00014114053916934092 0.3017391540082419
0.016676181362833175 0.0004813595320173974 0.0001427729186826304 0.2966034932023955
0.016219802922383206 0.000469927237063205 0.0001447417489692755 0.308008852336022
0.016762631136851284 0.0004824259511398944 0.000145046241013975 0.3006601130624383
0.012769835941365213 0.00038492185538699825 0.00013464850599884787 0.34980738067853545
0.01885702375695556 0.0005262250138801018 0.00014901831487540486 0.28318363997299084
0.017350773288359097 0.0004946535938268265 0.0001464146305651781 0.2959942723400822
0.014960627562702928 0.0004401281869896101 0.00014063539845490176 0.31953281478475654
0.014090724734742167 0.000420833908990622 0.00013604250079857767 0.3232688666293031
0.015940467279374836 0.0004618776284396828 0.00014379250432492626 0.311321647707179
0.015560186523660527 0.0004534742875772194 0.00013995092708171878 0.30861932179095686
0.01784098633038519 0.0005077310871866223 0.00014615583530974222 0.28786071800252205
0.01594351768036285 0.00046226971513295135 0.00014377968663437186 0.31102986401135974
0.017188796746504937 0.0004929959253746813 0.0001469795759748881 0.2981354782256716
0.015377632153186615 0.0004485780491144182 0.00014204369325544018 0.31665324136092377
0.01854990022810866 0.000520746899111456 0.00014986961768284363 0.2877974270006491
0.016676181362833175 0.0004813595320173974 0.0001427729186826304 0.2966034932023955
0.016676191362833177 0.00048138686813853837 0.00014272587924641112 0.29648893373081386
0.014741091704177518 0.0004372743090219569 0.00013702089908784504 0.31335227398636123
0.011067233651865124 0.00034022802348551007 0.00012708443927215255 0.37352725378180063
0.013681939404653133 0.00041068917268828766 0.00013525219855001024 0.3293298376109526
0.011802208265572297 0.0003569874890579177 0.0001329691966252576 0.37247578893075617
0.014509154682750325 0.0004322376367582473 0.00013656980669460428 0.31596000690469367
0.010256830874190874 0.0003199080466424477 0.00012394874173067552 0.38745115364106353
0.014178283097383646 0.0004214209002380175 0.00013502022024333073 0.3203927953432581
0.012935573879161616 0.0003905114939186203 0.00013275314080834488 0.3399468207099933
0.013154503676232653 0.0003963111341174765 0.00013546267644665762 0.34180890917514095
0.010798635851819312 0.00033425835157635785 0.00012572539851332776 0.37613240752372673
0.01141629346654306 0.0003547938029569339 0.00012684323059134197 0.35751253131875765
0.012110542169762229 0.00036847306623235686 0.00012925334720311537 0.35078099065620444
0.010582219404898488 0.00033026448763649144 0.0001245099033010471 0.3770005797235155
0.012652114329460699 0.00038230252823436006 0.00013434550635196645 0.35141150379630665
0.01352665816172634 0.00040616925205412606 0.00013414602912787025 0.3302712562545083
0.014893632254414028 0.00044111338249345133 0.00013660644421866934 0.3096855584985508
0.012164730606252519 0.0003718319631722783 0.00013113462599866627 0.3526717415035904
0.014158483815293447 0.0004201247902938735 0.00013570498877151974 0.3230111431334374
0.013425577907154379 0.00040640137876023723 0.00013231084480112487 0.32556691910039925
0.011211477996800159 0.00034845792436683475 0.00012601772309015128 0.3616440157563692
0.01389620377783153 0.0004148878228419063 0.00013687461360266235 0.3299075221468205
0.013687384738681536 0.00041103287565157 0.00013503906368022908 0.3285359193377535
0.012687283929497004 0.00038396721332709376 0.00013396284902295042 0.3488913750269355
0.01381235856130367 0.0004101094643262694 0.00013596489712625694 0.3315331855352838
0.013842202150227984 0.00041252180349943463 0.000135775778160625 0.3291360044701518
0.010345302835305475 0.0003203846600432474 0.00012460207592508363 0.3889139882922738
0.013236017067924799 0.0004005656132197816 0.00013437258221879377 0.3354571081094434
0.013687384738681536 0.00041103287565157 0.00013503906368022908 0.3285359193377535
0.010690357336509623 0.00033237826713908747 0.00012583277652929858 0.3785830451924296
0.014909692244209223 0.00044152217053141675 0.0001356142064745768 0.3071515215450027
0.014893632254414028 0.00044111338249345133 0.00013660644421866934 0.3096855584985508
0.014893642254414028 0.0004412296392871678 0.00013656250561959782 0.3095043792620607
0.03763893923348997 0.0007112460547791188 0.00022437015946554582 0.3154606735009942
0.04728612014882791 0.0007010537063463248 0.00026352261480457636 0.3758950454423453
0.039460498309099146 0.0007134422889538747 0.0002357478054930736 0.33043710632678114
0.04161463386335308 0.0007103664779962865 0.00024158594971327466 0.3400863599232755
0.04916331001698311 0.0007006140756246374 0.00026365179610915776 0.3763153000802862
0.045728185337739424 0.0006922540594471812 0.0002695409586276371 0.38936710438778294
0.035952103830749586 0.0007156313638858841 0.00021633417234133117 0.302298338584037
0.04468236311003756 0.0007024858420927211 0.0002561769741290681 0.36467208131328477
0.03393132458242033 0.0007109101268241195 0.00020945394149447658 0.2946278771272812
0.04764666300567891 0.0007006312621587642 0.0002595836767593568 0.3704997061643172
0.04395802819508293 0.0007035366919527977 0.0002492710071999307 0.35431131034265234
0.040715936697695396 0.0007051482838984278 0.00024260252576384898 0.344044694291271
0.03819128759772477 0.000715198789401739 0.00022126646843372453 0.3093775768535809
0.034463895625396285 0.0007108439118419228 0.0002103922477237827 0.29597531078042016
0.032922566251832784 0.0007089088233286028 0.00020612245815946508 0.2907601815303129
0.03317854799137498 0.0007097223067413207 0.00020275294498271163 0.28567926223659046
0.045761273090215576 0.0007027605093766618 0.00025641224333984716 0.36486433133142476
0.034112137592258285 0.0007124150841885075 0.0002049878846871118 0.2877365867689451
0.03765334441897406 0.0007133793365522803 0.00022141453167696143 0.31037418710085524
0.046322525282809064 0.0006802697267887196 0.00027702772849197096 0.4072321868558045
0.04032531494088236 0.0007109396849939316 0.00023078097999185146 0.32461400715564404
0.04662371268151838 0.0006995166092651089 0.00026295175421331483 0.3759049474029845
0.03407905121486298 0.0007115086763159072 0.00020799217262605803 0.29232556053007325
0.0397569097225705 0.0007012300866479683 0.0002444347680449285 0.348579977812104
0.03267752669291812 0.000708865112569562 0.0002010682527197385 0.28364811464749207
0.03740164172943226 0.0007113907584049823 0.00022815758046727125 0.32072047292099504
0.0446394663727353 0.0006972975046360551 0.0002507596033870202 0.35961637854691697
0.03217712819181495 0.0007085008587085854 0.00019809522960349121 0.2795977269026431
0.03295980490297222 0.0007114849013504802 0.00021014742440876756 0.29536455940229167
0.03468098908939186 0.000719069863212585 0.00020437051421752926 0.2842151015820133
0.03317854799137498 0.0007097223067413207 0.00020275294498271163 0.28567926223659046
0.03317855799137498 0.0007098944103035507 0.00020268844550595677 0.2855191456139051
