#voltage N_great N_less
0.023345954332985617  0 6600
0.02194874024797044  0 6794
0.03028676034358731  0 5646
0.020696438628583162  0 6937
0.030650408433389755  0 5570
0.021557031647767906  0 6841
0.028092845900071686  0 5969
0.03132836855510424  0 5331
0.025565999114287082  0 6399
0.026923456143643505  0 6254
0.025626482241961547  0 6341
0.02284822829454128  0 6671
0.027677175735824885  0 6064
0.02419513509055799  0 6567
0.029248372797472926  0 5781
0.02040069433916493  0 7029
0.021891359739838353  0 6815
0.024130993733820598  0 6588
0.03175502262697398  0 5409
0.023772934746788762  0 6505
0.020435946695490256  0 7056
0.02590817634377719  0 6338
0.028147165963461146  0 5967
0.027100798701494025  0 6194
0.03144307212535291  0 5491
0.022345644879270717  0 6801
0.021596317405172923  0 6875
0.023610708859692  0 6537
0.02913338601131655  0 5717
0.025229582465670457  0 6301
0.02040069433916493  0 7029
0.02040070433916493  0 7028
#voltage N_great N_less
0.014495338968710789  0 7975
0.018547402203497675  0 7455
0.012285714262871852  0 8573
0.015196576090584255  0 7832
0.011380383535292568  0 9156
0.010101980727778431  0 9550
0.01779964197305833  0 7460
0.013655081398973585  0 8251
0.019660078462749433  0 7257
0.012788159403019835  0 8465
0.010994505980602927  0 9255
0.018804837016249153  0 7250
0.01700756326125127  0 7491
0.01597461739467728  0 7675
0.016086908725088247  0 7595
0.016676181362833175  0 7539
0.016219802922383206  0 7557
0.016762631136851284  0 7476
0.012769835941365213  0 8496
0.01885702375695556  0 7283
0.017350773288359097  0 7450
0.014960627562702928  0 7890
0.014090724734742167  0 8128
0.015940467279374836  0 7717
0.015560186523660527  0 7784
0.01784098633038519  0 7349
0.01594351768036285  0 7751
0.017188796746504937  0 7343
0.015377632153186615  0 7830
0.01854990022810866  0 7449
0.016676181362833175  0 7539
0.016676191362833177  0 7538
#voltage N_great N_less
0.014741091704177518  0 7829
0.011067233651865124  0 9200
0.013681939404653133  0 8189
0.011802208265572297  0 9050
0.014509154682750325  0 7878
0.010256830874190874  0 9580
0.014178283097383646  0 8156
0.012935573879161616  0 8410
0.013154503676232653  0 8378
0.010798635851819312  0 9278
0.01141629346654306  0 8976
0.012110542169762229  0 8826
0.010582219404898488  0 9264
0.012652114329460699  0 8516
0.01352665816172634  0 8312
0.014893632254414028  0 7840
0.012164730606252519  0 8632
0.014158483815293447  0 8089
0.013425577907154379  0 8313
0.011211477996800159  0 9055
0.01389620377783153  0 8132
0.013687384738681536  0 8147
0.012687283929497004  0 8469
0.01381235856130367  0 8202
0.013842202150227984  0 8139
0.010345302835305475  0 9554
0.013236017067924799  0 8337
0.013687384738681536  0 8147
0.010690357336509623  0 9278
0.014909692244209223  0 7866
0.014893632254414028  0 7840
0.014893642254414028  0 7835
#voltage N_great N_less
0.03763893923348997  0 4029
0.04728612014882791  0 2472
0.039460498309099146  0 3588
0.04161463386335308  0 3218
0.04916331001698311  0 2189
0.045728185337739424  0 2671
0.035952103830749586  0 4338
0.04468236311003756  0 2790
0.03393132458242033  0 4958
0.04764666300567891  0 2432
0.04395802819508293  0 2809
0.040715936697695396  0 3390
0.03819128759772477  0 3955
0.034463895625396285  0 4677
0.032922566251832784  0 5076
0.03317854799137498  0 5016
0.045761273090215576  0 2609
0.034112137592258285  0 4808
0.03765334441897406  0 3972
0.046322525282809064  0 2511
0.04032531494088236  0 3471
0.04662371268151838  0 2553
0.03407905121486298  0 4829
0.0397569097225705  0 3648
0.03267752669291812  0 5157
0.03740164172943226  0 4087
0.0446394663727353  0 2854
0.03217712819181495  0 5331
0.03295980490297222  0 5130
0.03468098908939186  0 4536
0.03317854799137498  0 5016
0.03317855799137498  0 5011
