0.1 10.0 3.405265867624338 10000 0.25899070929999995
0.2 10.0 3.0021236861184444 9998 0.259828348969794
0.3 10.0 2.5493052895330783 9998 0.2609865451090218
0.4 10.0 2.0215771359852024 9995 0.2627384436218109
0.5 10.0 1.343632656640998 9986 0.26622787452433405
0.6 10.0 0.45135705716925784 4060 0.2822039551724138
0.7 0.00 0.0 0.0 0.0
0.8 0.00 0.0 0.0 0.0
0.9 0.00 0.0 0.0 0.0
1.0 0.00 0.0 0.0 0.0
1.1 0.00 0.0 0.0 0.0
1.2 0.00 0.0 0.0 0.0
1.3 0.00 0.0 0.0 0.0
1.4 0.00 0.0 0.0 0.0
1.5 0.00 0.0 0.0 0.0
