1.0 0.0022399307335559107 0.0037898798423347756 3.5838891736894575e-07 0.002130691158164514 8311.0 6556.0 2455.0
1.1 0.0021318823955314347 0.0038243287468535084 3.411011832850296e-07 0.0020279122485159784 8032.0 5070.0 2507.0
1.2 0.002077195696344864 0.004052957150670074 3.323513114151783e-07 0.0019758925745678242 7948.0 4174.0 2450.0
1.3 0.0023482888792534574 0.00485875386546061 3.757262206805532e-07 0.0022337647664212945 7787.0 6605.0 2255.0
1.4 0.0020394134230647034 0.004877912580208733 3.2630614769035257e-07 0.0019399529116097664 7687.0 2997.0 2240.0
1.5 0.0023216324026104963 0.005736930672368828 3.7146118441767944e-07 0.002208408304169977 6965.0 5338.0 2347.0
1.6 0.002586804392296751 0.006725011297934956 4.1388870276748015e-07 0.0024606480745134342 7019.0 6639.0 1723.0
1.7 0.0021520549071874524 0.006147394376085513 3.443287851499924e-07 0.0020471009634077165 7067.0 3334.0 2321.0
1.8 0.0022250153964523535 0.0064193194552951945 3.560024634323766e-07 0.0021165032297560575 6803.0 3950.0 2474.0
1.9 0.0022550898573732736 0.007087499926513799 3.608143771797238e-07 0.0021451109840097088 6620.0 3828.0 2397.0
2.0 0.0022594635631284212 0.00734158035253638 3.615141701005474e-07 0.002149271387740637 6634.0 3801.0 2409.0
2.1 0.0019594764595914065 0.007136743661775593 3.135162335346251e-07 0.0018639144079491256 8239.0 1338.0 1436.0
2.2 0.0025344347433150526 0.008724848155923361 4.0550955893040843e-07 0.002410832450141718 6107.0 5253.0 2026.0
2.3 0.002361204939074599 0.008781260890558137 3.777927902519359e-07 0.0022460509206522973 6264.0 3961.0 2319.0
2.4 0.004015543932758969 0.01378127519595508 6.42487029241435e-07 0.0038197091653669802 5015.0 5015.0 2311.0
2.5 0.0039327809517035375 0.014122746182141042 6.29244952272566e-07 0.003740982466672061 4661.0 4661.0 2677.0
2.6 0.0039976596078196034 0.014803049282949746 6.396255372511366e-07 0.003802697044211986 4211.0 4211.0 2987.0
2.7 0.004026243406698193 0.015389101161160457 6.44198945071711e-07 0.003829886834782287 3879.0 3879.0 3255.0
2.8 0.00390826269747009 0.015705662140170277 6.253220315952146e-07 0.0037176599474859876 3348.0 3348.0 3552.0
2.9 0.004108640266559297 0.01689605606390174 6.573824426494876e-07 0.003908265267711714 3025.0 3025.0 3827.0
3.0 0.004007218279519843 0.016868551930142788 6.411549247231749e-07 0.003811789547373084 2896.0 2896.0 3987.0
