#volt Paschen_fac density pressure mean standard_deviation spread N_less
0.03383512587087426 1.8671253184364258 2.840603832226771e-06 0.016887937031108254 0.0003080022623464157 0.00012287500022989427 0.3989418756012076 9879.0
0.04456911316898184 2.240635460445243 3.183108556392314e-06 0.0189241936005541 0.0003575723839575818 0.00013017916456289862 0.36406381030348683 9125.0
0.015080540244415793 1.0279330700862368 2.1900002807269393e-06 0.013019973577249403 0.00018664883663942495 9.438612481381968e-05 0.5056882566922088 3917.0
0.02608475397885109 2.687289688906586 1.3044268443053693e-06 0.007755068890070308 0.00047897678478223 0.0001442599085789752 0.3011835086006599 7590.0
0.011776780739834904 2.5154395438944475 5.001638130595263e-07 0.0029735702262877048 0.000493976701832154 0.0001908459073106996 0.38634596855044834 7237.0
0.022899050234552323 2.8396801412105734 1.0286039969091593e-06 0.006115248924427062 0.0005226332323789601 0.00014637042107679116 0.28006336376761115 7314.0
0.040879842585890246 2.431901402653115 2.5904542190111093e-06 0.015400749388672898 0.0003924396833231362 0.0001350280267013083 0.3440733249958459 8446.0
0.015045888431035733 1.1439243407773305 1.912120068580324e-06 0.011367922181809195 0.00021191937864434038 0.00010236874670214796 0.483055147466958 7466.0
0.029838229392745153 2.7580350311438524 1.4965868154580213e-06 0.008897496938610128 0.00047712833806964504 0.00014289089679533847 0.2994810523588752 7569.0
0.024702521483776923 1.6424420158329154 2.2584430555979077e-06 0.013426879059507077 0.0002851665240753902 0.00011801808432592541 0.41385672707756077 10166.0
0.030131835063639548 2.6324389394167023 1.6067965377657166e-06 0.00955271496987261 0.0004547404947000612 0.00014143068474665137 0.31101405393847 7662.0
0.019187287222355406 1.8331631854124262 1.4353368872945048e-06 0.008533354315745853 0.00034262032743118695 0.00012753827566036507 0.3722437504411652 9266.0
0.027584171894673784 1.7200105313721232 2.4446963267157997e-06 0.014534190638401612 0.0002930173442740451 0.00012058563102321666 0.4115306939320243 10138.0
0.023948259362816773 1.9729154455502491 1.729667835925678e-06 0.010283208508857 0.0003506895395135668 0.00012976906199326492 0.3700397285110486 9072.0
0.006442541576459511 2.009833868212037 2.932609550804111e-07 0.0017434928753152776 0.0022237703548591806 0.0010052590180744624 0.4520516319852281 9974.0
0.021328082007888712 2.892022971678745 9.161582006187436e-07 0.00544673700255278 0.0005441855808488543 0.00014636601769653793 0.26896342506581516 7076.0
0.002978354272598051 2.0930084114807013 7.36968287270623e-08 0.00043814184463708073 0.008202091898886354 0.0007060348833237828 0.086079855240301 34.0
0.013369673285382565 1.540664497392126 1.130463617255453e-06 0.006720823990863665 0.0003040041851335518 0.00012255018466668675 0.40312005774805154 10055.0
0.04839773282068538 2.990105579207255 2.4726636761338223e-06 0.014700461918662587 0.0004708216249649152 0.00014173789009383058 0.30104371290165916 7589.0
0.009761550422344374 1.489650849941555 7.849419133709155e-07 0.004666630895760686 0.00032181514902483656 0.00012440359469333885 0.3865684852633765 9570.0
0.0263856540485713 1.3908166557887087 3.0043843641207996e-06 0.017861643845894726 0.00022701743132693506 0.00010874020226428389 0.4789949460210553 10042.0
0.01827129781817505 1.302268150880252 2.0720879405913784e-06 0.012318961999074144 0.00023220907079238035 0.0001082093168296117 0.46599952560148844 9882.0
0.002929493631596303 1.417618973906856 1.487293847228777e-07 0.0008842248452176685 0.005788974443244983 0.0009325471197239574 0.16109021189618905 1564.0
0.02193289838295978 1.2630861547705143 2.695838345663917e-06 0.016027278324105547 0.0002173216377133026 0.00010333178081623226 0.4754785667157116 8166.0
0.01255327522964017 2.535627389715568 5.397310558672577e-07 0.0032088051074952418 0.0005057386826310452 0.00015638300509117483 0.30921701357232734 7258.0
0.020130113400971154 2.1535129100724104 1.2432599794561181e-06 0.007391420094611667 0.00040437925726550096 0.0001358069571079383 0.335840562214526 8355.0
0.030718546828248667 2.27213889183382 1.978753998648223e-06 0.011764073733234728 0.0003881764014693096 0.00013445774463399524 0.3463830983157431 8561.0
0.006221065206169747 1.0709895291926534 6.691505673511201e-07 0.003978229036217794 0.0002466648365631105 0.00010887722447499036 0.4413974281540269 9890.0
0.03270267678985784 1.7688926424761096 2.911008505490768e-06 0.017306506377276487 0.00029167317168280664 0.00011984936736087045 0.4109029523332579 10079.0
0.008774728262964557 2.3435759346916756 3.665456968055267e-07 0.002179184783336326 0.0010614283399962958 0.0008178225285176519 0.7704924559678763 8723.0
0.012914716241180273 1.4150044348327155 1.2059211403853028e-06 0.007169433502926935 0.00027867876078743606 0.0001180309480196377 0.42353765204828986 10105.0
0.01801378608558895 2.358442476174301 9.58855937121302e-07 0.0057005832718725 0.0004536669742785595 0.00014151777658111072 0.31194198521097616 7775.0
0.022702186830054517 1.281758386336529 2.762107365108626e-06 0.016421260411575392 0.00021596312620468196 0.00010414444465946376 0.48223252964378494 8750.0
0.007141725332272094 1.2448462712363022 6.581640108633071e-07 0.00391291184131369 0.00028096039477492924 0.00011607039317833111 0.41312012417733246 9952.0
0.01293972293495931 1.2435427206147105 1.424719180927037e-06 0.008470230005866981 0.00024132063006551804 0.00010857769940215713 0.44993127762296375 9880.0
0.00890138036214577 1.1038480978397351 1.0286039969091593e-06 0.006115248924427062 0.00023026358582359114 0.00010650093473721244 0.46251748558629946 9324.0
0.011818862313580444 1.2128411644905939 1.3109354155972254e-06 0.007793763600290839 0.0002354277817547387 0.00010988143631227064 0.4667309673194886 9987.0
0.032670597697369706 2.4839139346982604 1.912120068580324e-06 0.011367922181809195 0.00042237597630514465 0.00013577272461272989 0.32144992194026006 7972.0
0.0068934003409125266 1.844370558865625 3.65627521379939e-07 0.00217372605354271 0.0008861329571818176 0.0007769108206683385 0.8767429474005346 8967.0
0.04226169365326017 2.538490227953921 2.5598920377988877e-06 0.015219051333495411 0.00040854040911600647 0.00013721203596083788 0.3358591534622859 8219.0
0.028165726444696837 1.8951958486407445 2.225334703970604e-06 0.013230043530686646 0.00032911141794738865 0.0001247383977556174 0.3790157100400507 9439.0
0.020914181839331778 1.8331631854124262 1.6001681331506506e-06 0.009513307827459445 0.00033420016527648335 0.00012849517731671178 0.38448567854659166 9386.0
0.03617721385383565 2.83522920038752 1.8411106199759646e-06 0.01094575732973122 0.00046665588711155095 0.00014629076068629334 0.31348744273170076 7687.0
0.02377186993230899 1.9583840582536451 1.729667835925678e-06 0.010283208508857 0.0003506251038976576 0.00012882541342301165 0.36741639999802733 9080.0
0.024133370346941005 2.8940890175482776 1.0740253065640713e-06 0.006385287360839826 0.0005250548481779217 0.00014865735469385467 0.2831272870057952 7353.0
0.018380965010042306 1.7930187065046055 1.398048349856196e-06 0.00831166677695709 0.00033969205570946596 0.0001259828307124136 0.3708736445110304 9303.0
0.0018187669052501746 1.278120090089457 7.36968287270623e-08 0.00043814184463708073 0.007981764054088883 0.0006718784059766101 0.08417668092211038 26.0
0.01092214362865421 2.7910605738948817 3.9010714907431245e-07 0.002319262156239395 0.0009391044296489092 0.0007366710951837817 0.7844400174527889 8097.0
0.03172427626282329 1.9066586402770729 2.5580612582139753e-06 0.015208166996159428 0.0003205176615376115 0.0001222082077522325 0.3812838492767171 9513.0
0.01709054778884586 1.9017273245143802 1.182296260859426e-06 0.007028979042761061 0.0003661130208599335 0.00013130006929457859 0.3586326129187604 8808.0
0.030575093595370893 1.7939193364537465 2.6348199468844683e-06 0.015664512188034198 0.00029978007204485953 0.00012137943622104673 0.40489494646222957 10068.0
0.03676768106866196 2.0012342919299444 2.888839961361867e-06 0.017174710111611823 0.00032656363918413806 0.00012609323264407339 0.3861214707157698 9545.0
0.035799145285556604 2.6374593724745665 1.9885349515922433e-06 0.011822223382808831 0.00044253415602179045 0.00013840657313049943 0.31275907463216074 7823.0
0.04098372165880857 2.4877651063735993 2.526970498839269e-06 0.015023326441974235 0.00040184857935411384 0.00013559725447595167 0.33743370374456827 8256.0
0.006895592295604157 1.3928359231510876 5.397310558672577e-07 0.0032088051074952418 0.00031682585258588315 0.00012879992141990863 0.40653223330313415 9325.0
0.021496947017431062 1.319508695570049 2.4925588533113716e-06 0.014818742579832365 0.0002251538318891787 0.00010751763016117194 0.47752964832547196 9704.0
0.007343819815931362 1.729991940898812 4.3703897744678176e-07 0.002598280917432761 0.0003907007327544148 0.0003075367935197439 0.787141583665916 8379.0
0.023882186221159427 2.7266383028466574 1.1440117803540269e-06 0.006801370430567842 0.0004956866659144323 0.00014612714886652603 0.2947974172291961 7414.0
0.0268290931417475 1.9361324110674798 2.0403433540316143e-06 0.012130234316312554 0.0003373808066545932 0.00012753666948890407 0.3780199317013156 9263.0
0.030401228262185578 2.9847607271955567 1.3866640906258235e-06 0.00824398516263017 0.0005138846026758113 0.00014964417005016906 0.2912018948825626 7407.0
0.014075387143640528 1.506787470346349 1.2421999151498007e-06 0.007385117808086912 0.00029595824386666235 0.00012055064116626418 0.4073231398837996 9785.0
0.0171834298602839 2.09894949693541 1.0488436868326957e-06 0.006235577780242867 0.0004053250847088007 0.00013655864367190327 0.3369114047555474 8293.0
0.016759493549799526 1.4418153739102828 1.6381796786243086e-06 0.009739293788307435 0.00026932506494529 0.00011550117021887074 0.42885414412629347 10263.0
0.021459814727203225 1.2177376950220555 2.745087632593027e-06 0.016320074822881586 0.00020430245704878674 0.00010216654050990795 0.5000749476327194 7207.0
0.011600478615772163 1.7806353608165904 7.789387951767711e-07 0.004630941201582692 0.0003750111927612089 0.00013241409863216471 0.3530937241024706 8688.0
0.015794325207268752 2.353453850957378 8.099413769107945e-07 0.00481525752270641 0.000471656710390262 0.00014093255562864246 0.2988032450805818 7544.0
0.011430819221249701 1.1730205266417066 1.3109354155972254e-06 0.007793763600290839 0.00023096567437089379 0.00010743534813693857 0.4651572075788831 9446.0
0.028273650943225568 2.4839139346982604 1.5955661351090312e-06 0.009485948062517065 0.000434766663933476 0.00013855750249854837 0.31869394319466304 7922.0
0.016629547173004453 1.4452192311678425 1.617434486985375e-06 0.009615959627407585 0.0002674079409572571 0.00011765994753563645 0.44000169596475597 10397.0
0.044433584921591086 2.8792048256257443 2.3314985276329707e-06 0.013861207915051459 0.0004581925605731655 0.0001447829459374454 0.3159871163257922 7791.0
0.004119321969199664 1.8951958486407445 1.6163361778930547e-07 0.00096094299682621 0.005599023823500986 0.0009221813266308802 0.16470394763461713 2278.0
0.017115191739185943 2.3975729214987505 8.781051483324409e-07 0.005220504275707243 0.00046988442041978634 0.00014279963295321058 0.3039037404679984 7576.0
0.029591444155394955 2.229920285777654 1.9333945183041024e-06 0.011494402883986172 0.00037854661957747115 0.00013439423829295682 0.35502691436781536 8785.0
0.02145714187780042 1.5393900907642213 2.055294328854486e-06 0.012219120741972414 0.0002714666667818853 0.00011665351719781482 0.4297158048193893 10500.0
0.009177029805464998 1.9774826665413987 4.941725637264277e-07 0.00293795109477519 0.00041865454279030675 0.00017581814431259576 0.4199599582528799 7878.0
0.029239478952591096 2.8522404945442448 1.398048349856196e-06 0.00831166677695709 0.000493605221019162 0.00014808924070284677 0.30001554764166055 7464.0
0.02195514867208745 1.5323391529359327 2.1267470816881667e-06 0.012643921123097228 0.00027024934923224584 0.00011498478784734233 0.4254766502639277 10426.0
0.022793392737039862 1.9752074728262268 1.6232944267106067e-06 0.00965079809800425 0.00035908882116974334 0.0001263113977539457 0.3517553048365089 8830.0
0.017989456209767735 1.0725373870069834 2.5834414583995416e-06 0.015359057175813508 0.00018499213923082403 9.603764505264856e-05 0.5191444644727177 4034.0
0.012951157027463488 1.7474745126977307 9.220702004143463e-07 0.005481884980297286 0.0003567728065186764 0.00013008832525125076 0.36462511400638625 9064.0
0.008693966127802537 1.7939193364537465 5.243113214581719e-07 0.0031171318157877815 0.000391770216941296 0.00014555312918421563 0.3715267850644853 8157.0
0.012235813818962021 1.9491819828020465 7.417221627462124e-07 0.004409681151917659 0.0004111229643328898 0.00013410307358520022 0.3261872607938675 8248.0
0.017077838872342866 1.4697595325046822 1.6373998473500183e-06 0.009734657541145584 0.00027169135909827 0.00011784791713262573 0.43375658881370777 10254.0
0.03117917135525049 2.19112837040341 2.1086942593276364e-06 0.012536593616248298 0.00037317706700015546 0.0001331800209298358 0.35688157903277673 8820.0
0.011576151187456108 1.1905064182164153 1.3073343953918793e-06 0.007772354841425665 0.00023597775667685044 0.00010709865502884622 0.4538506363356435 9635.0
0.043122957816334455 2.646939482672342 2.4925588533113716e-06 0.014818742579832365 0.0004263141360763882 0.0001384842526645996 0.32484086485883173 8044.0
0.008799060652101096 2.0728046707507914 4.3703897744678176e-07 0.002598280917432761 0.0004603397320085916 0.00034813172529560196 0.7562495719772122 7807.0
0.02063314701547724 1.8630617030721983 1.5414257502647084e-06 0.00916407304435441 0.0003438551657485787 0.00012782759625918982 0.37174836673140244 9155.0
0.020033357766896066 1.6218907112170289 1.7678120816961255e-06 0.010509983398534406 0.0002949933788580723 0.00012073696174561464 0.4092870226884103 9972.0
0.04207181380698786 2.1411717620059223 3.1358916966561103e-06 0.018643480272991415 0.00034421522989167106 0.0001260718869751446 0.36625888696098957 9151.0
0.014075387143640528 1.506787470346349 1.2421999151498007e-06 0.007385117808086912 0.00029595824386666235 0.00012055064116626418 0.4073231398837996 9785.0
0.014075387237053748 1.506787480346349 1.2421999151498007e-06 0.007385117808086912 0.00029595824386666235 0.00012055064116626418 0.4073231398837996 9785.0
0.014075401354624078 1.506787470346349 1.2422015151498008e-06 0.007385127320395156 0.0002961456735209306 0.00012048808222158765 0.4068541025404241 9774.0
0.051735137373562196 2.285691107054083 3.7242065977446686e-06 0.02214112570011097 0.00035569021845914734 0.00012875932658653805 0.36199850292292096 8946.0
0.044669711729737334 1.6082344751612432 4.7672680703040125e-06 0.028342327102542586 0.00024096971609536018 0.00011136602714936792 0.46215777216294046 10838.0
0.0944114932439869 2.416498701017251 7.162908503021129e-06 0.04258487100039711 0.0003395414687520665 0.00012613695707690625 0.37149205232722715 9151.0
0.058289011548772175 2.8460288354264627 3.2983933713672924e-06 0.01960958403545124 0.000430439944508777 0.00013881380763955766 0.3224928573903 8022.0
0.03489084079680841 1.0146255951890177 6.154636752874727e-06 0.036590501200026306 0.00016803963081568895 8.542174478829718e-05 0.5083428496816348 34.0
0.06261202167036428 2.7960169982643848 3.6761903909224105e-06 0.02185566010012574 0.0004233130931686033 0.00013704229217208135 0.32373742835659974 8057.0
0.06444194404888122 1.5305265318934955 7.826547229422845e-06 0.04653033108030253 0.00021133451448671441 0.00010496345163528618 0.4966697081648948 8938.0
0.05088466675404104 1.548053593552454 5.83213448603904e-06 0.03467316309292346 0.00022381832552519553 0.00010700392622625645 0.4780838475811529 10342.0
0.07430430249509486 2.4890433065183055 5.197957007642884e-06 0.03090285580818475 0.0003660205152551627 0.00012785193593400787 0.34930265000277066 8848.0
0.04522118677552951 1.2931449097895467 6.278898570510618e-06 0.03732926164518171 0.0001864917288766762 9.901569624036918e-05 0.5309388080467985 3130.0
0.04336658933916093 1.7430126620688715 4.175546135694319e-06 0.024824426204767443 0.0002663851791951374 0.00011793145601093833 0.4427102752760467 10669.0
0.09925157897813361 2.684356079918887 6.709187129442981e-06 0.0398874100240634 0.00037311574188902616 0.00013111856155757545 0.35141524957843606 8653.0
0.04593584241805604 2.1476715364367855 3.4770245537911342e-06 0.02067158082864765 0.00033719066343570813 0.00012675548595609336 0.3759163574238814 9330.0
0.05512190197185597 1.4401867636724806 6.990236333740696e-06 0.04155830168835514 0.00020592084380830562 0.00010167770716470626 0.49377083584291914 6940.0
0.07589707143388097 2.2520578370884414 6.008449600325986e-06 0.035721390414850444 0.0003249921162258794 0.00012524869787095585 0.38538995753332117 9417.0
0.057053650891826284 1.9720429342460284 5.006295519868143e-06 0.02976339133936052 0.0002960388893080476 0.00012046864146315664 0.40693518930818995 10009.0
0.08058244708650124 2.560841990018922 5.536097794029453e-06 0.03291316792681245 0.0003680407998407484 0.00013157572583932624 0.35750309720079726 8788.0
0.04675791899374507 1.8855931339618834 4.158785055539806e-06 0.024724778354190232 0.0002888944197590702 0.00012102413517017456 0.41892167827646265 10155.0
0.06323793675945862 2.089072358918167 5.285281550946206e-06 0.031422017041386606 0.00030895581094350703 0.00012432202448530615 0.402394193867545 9774.0
0.0800289514926532 2.0134630574117516 7.3103790140687204e-06 0.04346161159909045 0.0002830434536074542 0.00011865622962121267 0.4192155943156841 10201.0
0.0439061402593698 1.0682318302507676 7.606457780098988e-06 0.045221856903360044 0.00012785105513084353 7.522892053950483e-05 0.5884106350355506 13.0
0.03576273136231228 1.3397763000277523 4.544796479391453e-06 0.027019690634930493 0.00020351959196344228 0.00010202651511842411 0.5013105329768491 7281.0
0.05160492890666869 1.8349945422622649 4.838885047088047e-06 0.02876810382669035 0.0002813010738403021 0.0001167406577968273 0.4150025316401825 10049.0
0.0771328240074038 2.9824322048029077 4.375073151586054e-06 0.026010652753558336 0.0004332119788857384 0.00013813539391647654 0.31886328321708385 7869.0
0.03968135357375439 1.233411612535608 5.684580380621515e-06 0.03379592550959623 0.00017694234752009175 9.745000071841678e-05 0.5507443643888095 2249.0
0.08928606107233412 2.376768003843638 6.837003014819783e-06 0.04064730008663742 0.0003361777807339908 0.0001255602351111257 0.37349355700125353 9228.0
0.1180194133178557 2.9038823636741826 7.5058137006860225e-06 0.04462350846194868 0.0003922080886742065 0.00013326393756208775 0.3397786568159879 8574.0
0.04983286628146224 1.1796363837576629 7.857301777799038e-06 0.04671317279532977 0.00015853502237455635 9.592506978392626e-05 0.6050717901139395 218.0
0.039672264644856514 1.6906260245027638 3.8905137256288305e-06 0.023129853614813012 0.00026565602893406637 0.00011615047595923676 0.43722130615776217 10466.0
0.09595180858147442 2.666006711929793 6.497626576510498e-06 0.03862964177927812 0.0003764878994511473 0.00013064247361361899 0.3470031143207327 8604.0
0.02121151340649605 1.0331504697781682 3.308213185382212e-06 0.019667964721578512 0.0001758549687250305 9.35893656690227e-05 0.5321963112419101 1548.0
0.06367222299985191 1.6082344751612432 7.276483392356552e-06 0.0432600955979462 0.00022463255189296186 0.00010715481284084335 0.4770226395856597 10624.0
0.04729901645239365 1.7600182154852653 4.581913961060426e-06 0.027240361214216285 0.00027149318070410775 0.00011542925769184597 0.42516448255711015 10431.0
