#acc_paschen_factor density_factor volt density pressure N_great N_less
1.8671253184364258 0.017753773951417317 0.03383512587087426 2.840603832226771e-06 0.016887937031108254 0 9879
2.240635460445243 0.019894428477451962 0.04456911316898184 3.183108556392314e-06 0.0189241936005541 0 9125
1.0279330700862368 0.013687501754543368 0.015080540244415793 2.1900002807269393e-06 0.013019973577249403 0 3917
2.687289688906586 0.008152667776908557 0.02608475397885109 1.3044268443053693e-06 0.007755068890070308 0 7590
2.5154395438944475 0.003126023831622039 0.011776780739834904 5.001638130595263e-07 0.0029735702262877048 0 7237
2.8396801412105734 0.006428774980682245 0.022899050234552323 1.0286039969091593e-06 0.006115248924427062 0 7314
2.431901402653115 0.01619033886881943 0.040879842585890246 2.5904542190111093e-06 0.015400749388672898 0 8446
1.1439243407773305 0.011950750428627024 0.015045888431035733 1.912120068580324e-06 0.011367922181809195 0 7466
2.7580350311438524 0.009353667596612632 0.029838229392745153 1.4965868154580213e-06 0.008897496938610128 0 7569
1.6424420158329154 0.014115269097486923 0.024702521483776923 2.2584430555979077e-06 0.013426879059507077 0 10166
2.6324389394167023 0.010042478361035728 0.030131835063639548 1.6067965377657166e-06 0.00955271496987261 0 7662
1.8331631854124262 0.008970855545590654 0.019187287222355406 1.4353368872945048e-06 0.008533354315745853 0 9266
1.7200105313721232 0.015279352041973747 0.027584171894673784 2.4446963267157997e-06 0.014534190638401612 0 10138
1.9729154455502491 0.010810423974535487 0.023948259362816773 1.729667835925678e-06 0.010283208508857 0 9072
2.009833868212037 0.001832880969252569 0.006442541576459511 2.932609550804111e-07 0.0017434928753152776 10 9974
2.892022971678745 0.005725988753867147 0.021328082007888712 9.161582006187436e-07 0.00544673700255278 0 7076
2.0930084114807013 0.0004606051795441393 0.002978354272598051 7.36968287270623e-08 0.00043814184463708073 9993 34
1.540664497392126 0.00706539760784658 0.013369673285382565 1.130463617255453e-06 0.006720823990863665 0 10055
2.990105579207255 0.015454147975836389 0.04839773282068538 2.4726636761338223e-06 0.014700461918662587 0 7589
1.489650849941555 0.004905886958568221 0.009761550422344374 7.849419133709155e-07 0.004666630895760686 0 9570
1.3908166557887087 0.018777402275754997 0.0263856540485713 3.0043843641207996e-06 0.017861643845894726 0 10042
1.302268150880252 0.012950549628696115 0.01827129781817505 2.0720879405913784e-06 0.012318961999074144 0 9882
1.417618973906856 0.0009295586545179854 0.002929493631596303 1.487293847228777e-07 0.0008842248452176685 8492 1564
1.2630861547705143 0.01684898966039948 0.02193289838295978 2.695838345663917e-06 0.016027278324105547 0 8166
2.535627389715568 0.00337331909917036 0.01255327522964017 5.397310558672577e-07 0.0032088051074952418 0 7258
2.1535129100724104 0.007770374871600738 0.020130113400971154 1.2432599794561181e-06 0.007391420094611667 0 8355
2.27213889183382 0.012367212491551392 0.030718546828248667 1.978753998648223e-06 0.011764073733234728 0 8561
1.0709895291926534 0.0041821910459445 0.006221065206169747 6.691505673511201e-07 0.003978229036217794 0 9890
1.7688926424761096 0.018193803159317297 0.03270267678985784 2.911008505490768e-06 0.017306506377276487 0 10079
2.3435759346916756 0.0022909106050345417 0.008774728262964557 3.665456968055267e-07 0.002179184783336326 0 8723
1.4150044348327155 0.007537007127408141 0.012914716241180273 1.2059211403853028e-06 0.007169433502926935 0 10105
2.358442476174301 0.005992849607008137 0.01801378608558895 9.58855937121302e-07 0.0057005832718725 0 7775
1.281758386336529 0.01726317103192891 0.022702186830054517 2.762107365108626e-06 0.016421260411575392 0 8750
1.2448462712363022 0.004113525067895669 0.007141725332272094 6.581640108633071e-07 0.00391291184131369 0 9952
1.2435427206147105 0.00890449488079398 0.01293972293495931 1.424719180927037e-06 0.008470230005866981 0 9880
1.1038480978397351 0.006428774980682245 0.00890138036214577 1.0286039969091593e-06 0.006115248924427062 0 9324
1.2128411644905939 0.008193346347482658 0.011818862313580444 1.3109354155972254e-06 0.007793763600290839 0 9987
2.4839139346982604 0.011950750428627024 0.032670597697369706 1.912120068580324e-06 0.011367922181809195 0 7972
1.844370558865625 0.0022851720086246186 0.0068934003409125266 3.65627521379939e-07 0.00217372605354271 0 8967
2.538490227953921 0.015999325236243048 0.04226169365326017 2.5598920377988877e-06 0.015219051333495411 0 8219
1.8951958486407445 0.013908341899816275 0.028165726444696837 2.225334703970604e-06 0.013230043530686646 0 9439
1.8331631854124262 0.010001050832191565 0.020914181839331778 1.6001681331506506e-06 0.009513307827459445 0 9386
2.83522920038752 0.011506941374849778 0.03617721385383565 1.8411106199759646e-06 0.01094575732973122 0 7687
1.9583840582536451 0.010810423974535487 0.02377186993230899 1.729667835925678e-06 0.010283208508857 0 9080
2.8940890175482776 0.006712658166025445 0.024133370346941005 1.0740253065640713e-06 0.006385287360839826 0 7353
1.7930187065046055 0.008737802186601225 0.018380965010042306 1.398048349856196e-06 0.00831166677695709 0 9303
1.278120090089457 0.0004606051795441393 0.0018187669052501746 7.36968287270623e-08 0.00043814184463708073 9993 26
2.7910605738948817 0.0024381696817144527 0.01092214362865421 3.9010714907431245e-07 0.002319262156239395 0 8097
1.9066586402770729 0.015987882863837344 0.03172427626282329 2.5580612582139753e-06 0.015208166996159428 0 9513
1.9017273245143802 0.007389351630371412 0.01709054778884586 1.182296260859426e-06 0.007028979042761061 0 8808
1.7939193364537465 0.016467624668027925 0.030575093595370893 2.6348199468844683e-06 0.015664512188034198 0 10068
2.0012342919299444 0.01805524975851167 0.03676768106866196 2.888839961361867e-06 0.017174710111611823 0 9545
2.6374593724745665 0.01242834344745152 0.035799145285556604 1.9885349515922433e-06 0.011822223382808831 0 7823
2.4877651063735993 0.01579356561774543 0.04098372165880857 2.526970498839269e-06 0.015023326441974235 0 8256
1.3928359231510876 0.00337331909917036 0.006895592295604157 5.397310558672577e-07 0.0032088051074952418 0 9325
1.319508695570049 0.01557849283319607 0.021496947017431062 2.4925588533113716e-06 0.014818742579832365 0 9704
1.729991940898812 0.0027314936090423857 0.007343819815931362 4.3703897744678176e-07 0.002598280917432761 0 8379
2.7266383028466574 0.007150073627212667 0.023882186221159427 1.1440117803540269e-06 0.006801370430567842 0 7414
1.9361324110674798 0.01275214596269759 0.0268290931417475 2.0403433540316143e-06 0.012130234316312554 0 9263
2.9847607271955567 0.008666650566411397 0.030401228262185578 1.3866640906258235e-06 0.00824398516263017 0 7407
1.506787470346349 0.007763749469686254 0.014075387143640528 1.2421999151498007e-06 0.007385117808086912 0 9785
2.09894949693541 0.006555273042704348 0.0171834298602839 1.0488436868326957e-06 0.006235577780242867 0 8293
1.4418153739102828 0.010238622991401929 0.016759493549799526 1.6381796786243086e-06 0.009739293788307435 0 10263
1.2177376950220555 0.017156797703706417 0.021459814727203225 2.745087632593027e-06 0.016320074822881586 0 7207
1.7806353608165904 0.004868367469854819 0.011600478615772163 7.789387951767711e-07 0.004630941201582692 0 8688
2.353453850957378 0.005062133605692466 0.015794325207268752 8.099413769107945e-07 0.00481525752270641 0 7544
1.1730205266417066 0.008193346347482658 0.011430819221249701 1.3109354155972254e-06 0.007793763600290839 0 9446
2.4839139346982604 0.009972288344431444 0.028273650943225568 1.5955661351090312e-06 0.009485948062517065 0 7922
1.4452192311678425 0.010108965543658593 0.016629547173004453 1.617434486985375e-06 0.009615959627407585 0 10397
2.8792048256257443 0.014571865797706064 0.044433584921591086 2.3314985276329707e-06 0.013861207915051459 0 7791
1.8951958486407445 0.0010102101111831591 0.004119321969199664 1.6163361778930547e-07 0.00096094299682621 7740 2278
2.3975729214987505 0.005488157177077755 0.017115191739185943 8.781051483324409e-07 0.005220504275707243 0 7576
2.229920285777654 0.01208371573940064 0.029591444155394955 1.9333945183041024e-06 0.011494402883986172 0 8785
1.5393900907642213 0.012845589555340538 0.02145714187780042 2.055294328854486e-06 0.012219120741972414 0 10500
1.9774826665413987 0.003088578523290173 0.009177029805464998 4.941725637264277e-07 0.00293795109477519 0 7878
2.8522404945442448 0.008737802186601225 0.029239478952591096 1.398048349856196e-06 0.00831166677695709 0 7464
1.5323391529359327 0.013292169260551042 0.02195514867208745 2.1267470816881667e-06 0.012643921123097228 0 10426
1.9752074728262268 0.010145590166941292 0.022793392737039862 1.6232944267106067e-06 0.00965079809800425 0 8830
1.0725373870069834 0.016146509114997133 0.017989456209767735 2.5834414583995416e-06 0.015359057175813508 0 4034
1.7474745126977307 0.005762938752589664 0.012951157027463488 9.220702004143463e-07 0.005481884980297286 0 9064
1.7939193364537465 0.003276945759113574 0.008693966127802537 5.243113214581719e-07 0.0031171318157877815 0 8157
1.9491819828020465 0.004635763517163827 0.012235813818962021 7.417221627462124e-07 0.004409681151917659 0 8248
1.4697595325046822 0.010233749045937613 0.017077838872342866 1.6373998473500183e-06 0.009734657541145584 0 10254
2.19112837040341 0.013179339120797728 0.03117917135525049 2.1086942593276364e-06 0.012536593616248298 0 8820
1.1905064182164153 0.008170839971199245 0.011576151187456108 1.3073343953918793e-06 0.007772354841425665 0 9635
2.646939482672342 0.01557849283319607 0.043122957816334455 2.4925588533113716e-06 0.014818742579832365 0 8044
2.0728046707507914 0.0027314936090423857 0.008799060652101096 4.3703897744678176e-07 0.002598280917432761 0 7807
1.8630617030721983 0.009633910939154427 0.02063314701547724 1.5414257502647084e-06 0.00916407304435441 0 9155
1.6218907112170289 0.011048825510600784 0.020033357766896066 1.7678120816961255e-06 0.010509983398534406 0 9972
2.1411717620059223 0.019599323104100688 0.04207181380698786 3.1358916966561103e-06 0.018643480272991415 0 9151
1.506787470346349 0.007763749469686254 0.014075387143640528 1.2421999151498007e-06 0.007385117808086912 0 9785
1.506787480346349 0.007763749469686254 0.014075387237053748 1.2421999151498007e-06 0.007385117808086912 0 9785
1.506787470346349 0.007763759469686254 0.014075401354624078 1.2422015151498008e-06 0.007385127320395156 0 9774
#acc_paschen_factor density_factor volt density pressure N_great N_less
2.285691107054083 0.023276291235904176 0.051735137373562196 3.7242065977446686e-06 0.02214112570011097 0 8946
1.6082344751612432 0.029795425439400076 0.044669711729737334 4.7672680703040125e-06 0.028342327102542586 0 10838
2.416498701017251 0.04476817814388205 0.0944114932439869 7.162908503021129e-06 0.04258487100039711 0 9151
2.8460288354264627 0.020614958571045575 0.058289011548772175 3.2983933713672924e-06 0.01960958403545124 0 8022
1.0146255951890177 0.038466479705467044 0.03489084079680841 6.154636752874727e-06 0.036590501200026306 0 34
2.7960169982643848 0.022976189943265064 0.06261202167036428 3.6761903909224105e-06 0.02185566010012574 0 8057
1.5305265318934955 0.04891592018389278 0.06444194404888122 7.826547229422845e-06 0.04653033108030253 0 8938
1.548053593552454 0.036450840537744 0.05088466675404104 5.83213448603904e-06 0.03467316309292346 0 10342
2.4890433065183055 0.032487231297768024 0.07430430249509486 5.197957007642884e-06 0.03090285580818475 0 8848
1.2931449097895467 0.039243116065691364 0.04522118677552951 6.278898570510618e-06 0.03732926164518171 0 3130
1.7430126620688715 0.026097163348089494 0.04336658933916093 4.175546135694319e-06 0.024824426204767443 0 10669
2.684356079918887 0.04193241955901863 0.09925157897813361 6.709187129442981e-06 0.0398874100240634 0 8653
2.1476715364367855 0.021731403461194586 0.04593584241805604 3.4770245537911342e-06 0.02067158082864765 0 9330
1.4401867636724806 0.04368897708587935 0.05512190197185597 6.990236333740696e-06 0.04155830168835514 0 6940
2.2520578370884414 0.03755281000203741 0.07589707143388097 6.008449600325986e-06 0.035721390414850444 0 9417
1.9720429342460284 0.03128934699917589 0.057053650891826284 5.006295519868143e-06 0.02976339133936052 0 10009
2.560841990018922 0.034600611212684075 0.08058244708650124 5.536097794029453e-06 0.03291316792681245 0 8788
1.8855931339618834 0.025992406597123784 0.04675791899374507 4.158785055539806e-06 0.024724778354190232 0 10155
2.089072358918167 0.03303300969341379 0.06323793675945862 5.285281550946206e-06 0.031422017041386606 0 9774
2.0134630574117516 0.0456898688379295 0.0800289514926532 7.3103790140687204e-06 0.04346161159909045 0 10201
1.0682318302507676 0.04754036112561867 0.0439061402593698 7.606457780098988e-06 0.045221856903360044 0 13
1.3397763000277523 0.028404977996196575 0.03576273136231228 4.544796479391453e-06 0.027019690634930493 0 7281
1.8349945422622649 0.030243031544300296 0.05160492890666869 4.838885047088047e-06 0.02876810382669035 0 10049
2.9824322048029077 0.027344207197412835 0.0771328240074038 4.375073151586054e-06 0.026010652753558336 0 7869
1.233411612535608 0.035528627378884466 0.03968135357375439 5.684580380621515e-06 0.03379592550959623 0 2249
2.376768003843638 0.04273126884262364 0.08928606107233412 6.837003014819783e-06 0.04064730008663742 0 9228
2.9038823636741826 0.046911335629287634 0.1180194133178557 7.5058137006860225e-06 0.04462350846194868 0 8574
1.1796363837576629 0.04910813611124398 0.04983286628146224 7.857301777799038e-06 0.04671317279532977 0 218
1.6906260245027638 0.02431571078518019 0.039672264644856514 3.8905137256288305e-06 0.023129853614813012 0 10466
2.666006711929793 0.04061016610319061 0.09595180858147442 6.497626576510498e-06 0.03862964177927812 0 8604
1.0331504697781682 0.020676332408638823 0.02121151340649605 3.308213185382212e-06 0.019667964721578512 0 1548
1.6082344751612432 0.04547802120222845 0.06367222299985191 7.276483392356552e-06 0.0432600955979462 0 10624
1.7600182154852653 0.02863696225662766 0.04729901645239365 4.581913961060426e-06 0.027240361214216285 0 10431
2.0940040345894433 0.03761804193021746 0.07067327854792188 6.018886708834795e-06 0.03578344103566702 0 9683
1.0146255951890177 0.023292954158131124 0.02297896074939834 3.72687266530098e-06 0.02215697598535697 0 766
1.7174942655314744 0.027538536479939937 0.044680417968537445 4.406165836790391e-06 0.026195504757171695 0 10478
1.1058685757401714 0.03424362058494102 0.03449797235613974 5.478979293590564e-06 0.03257358743769965 0 404
1.6811092997151953 0.028119514480189428 0.04449885822031153 4.499122316830309e-06 0.02674814893927752 0 10495
1.744672715398599 0.030481955201223772 0.04938753650939925 4.877112832195804e-06 0.028995375373822095 0 10607
2.0417808025025614 0.039243116065691364 0.07140093142359848 6.278898570510618e-06 0.03732926164518171 0 9825
1.7430126620688715 0.02446621833689938 0.04111076068769671 3.914594933903901e-06 0.02327302103730557 0 10640
2.684356079918887 0.03395133330267234 0.08314133837450693 5.432213328427575e-06 0.03229555476524056 0 8572
2.2653812355265583 0.032521783377508336 0.06768746663369847 5.203485340401334e-06 0.030935722811479088 0 9270
1.7174942655314744 0.027538536479939937 0.044680417968537445 4.406165836790391e-06 0.026195504757171695 0 10478
1.5784069634155622 0.026647962245971955 0.03995707448920301 4.263673959355513e-06 0.025348363094450564 0 10880
1.372041984930956 0.020367009609173987 0.027822652256055503 3.2587215374678382e-06 0.019373727340053708 0 9738
2.675526931820691 0.02488214134592372 0.063991046924764 3.981142615347796e-06 0.023668659824045413 0 8171
1.2032534903272556 0.034974850448530166 0.03820535723323055 5.595976071764827e-06 0.033269155823629985 0 1650
2.3451702162473707 0.021050599788334363 0.048863648231991214 3.3680959661334983e-06 0.02002397938969315 0 8719
1.152552065287153 0.03920778932984525 0.04027418887499329 6.27324629277524e-06 0.037295657765121254 0 404
1.457333712646951 0.04077819593058146 0.05263307874038293 6.5245113488930345e-06 0.0387894769305023 0 8245
1.1354989876608905 0.026438551017725735 0.028557501757237414 4.230168162836118e-06 0.025149164679178028 0 1871
2.241177280516813 0.025910245063103236 0.055429905491034874 4.145639210096518e-06 0.02464662377045411 0 9291
1.060444484403623 0.020240514436019423 0.02139427421672398 3.238482309763108e-06 0.019253401232217755 0 2147
1.176043671026646 0.02124265228148604 0.024687577051962502 3.398824365037767e-06 0.020206665641072055 0 4423
1.0535617904785037 0.030977477653723842 0.030227335601029096 4.956396424595815e-06 0.029466731604797052 0 324
2.3809697729714 0.02339944639805533 0.05412695348469793 3.743911423688853e-06 0.022258274686526816 0 8727
1.34288155457113 0.02780160905313013 0.0352118271868906 4.448257448500821e-06 0.026445747497830952 0 7429
1.6250688252174592 0.0326006845850687 0.04865387489054295 5.2161095336109925e-06 0.03101077607218885 0 10641
1.6621678732277043 0.023878152214334515 0.038423545174223236 3.820504354293523e-06 0.022713634414766613 0 10684
1.0331504697781682 0.020676332408638823 0.02121151340649605 3.308213185382212e-06 0.019667964721578512 0 1548
1.033150479778168 0.020676332408638823 0.021211513611805087 3.308213185382212e-06 0.019667964721578512 0 1548
1.0331504697781682 0.020676342408638824 0.02121152183536949 3.3082147853822123e-06 0.019667974233886762 0 1548
