#acc_paschen_factor density_factor volt density pressure N_not_eqm N_less_eqm N_eqm
4.523914324940087 0.020636427267582868 0.09273275029544778 3.3018283628132593e-06 0.019630005721356106 6518 6518 0
4.210854350725995 0.0013214576133335001 0.010846487522455506 2.1143321813336005e-07 0.0012570112148731717 8452 72 1562
4.4149300093812025 0.03708807068727099 0.14724273561705106 5.934091309963359e-06 0.035279316053357906 6919 6919 0
4.0633605257625005 0.015713070727244153 0.06666291209299771 2.5140913163590645e-06 0.01494675722092684 6743 6743 1
3.7251729961265525 0.018226090174976586 0.06896960760104508 2.916174427996254e-06 0.017337218781797833 7054 7054 0
4.152439151793779 0.0499549015409117 0.1779712264292746 7.992784246545874e-06 0.04751864217302264 7385 7385 0
3.980401696870348 0.0066345567719132935 0.03289168417541602 1.061529083506127e-06 0.006310994907335738 6243 6243 2
3.3897918037934565 0.011333848763267691 0.042731754002764105 1.8134158021228306e-06 0.010781106302127311 7230 7230 1
3.864676173086798 0.046222768827406016 0.15511947058082803 7.3956430123849635e-06 0.04396852249537564 7421 7421 0
3.7600998939796053 0.040499273902107176 0.13501837812660386 6.479883824337149e-06 0.03852415769942768 7404 7404 0
4.995059556048086 0.03359194183602595 0.15333945283472403 5.374710693764153e-06 0.0319536905241586 6176 6176 0
3.0338168632436866 0.019813805637981824 0.06014582104897858 3.170208902077092e-06 0.018847502670503582 7662 7662 1
4.8924278355054165 0.007964560781347649 0.04662647269710488 1.274329725015624e-06 0.007576135717617137 4901 4901 0
4.379562855386451 0.024187260994030006 0.10232197154222106 3.869961759044801e-06 0.0230076682140898 6751 6751 0
3.222206554476017 0.004344865982861594 0.01926149528705522 6.951785572578551e-07 0.004132970450562325 6686 6686 0
4.538993835864993 0.029801488004902 0.126094730169193 4.768238080784321e-06 0.02834809400172265 6783 6783 0
3.638637989824513 0.026389610124426578 0.0913703238132482 4.222337619908253e-06 0.025102610592900705 7308 7308 0
4.775139677834529 0.03221701696298444 0.14155962780507803 5.154722714077511e-06 0.030645819603757708 6613 6613 1
3.400890544511518 0.01399772682289095 0.05080517456167653 2.2396362916625523e-06 0.013315069224747325 7431 7431 0
3.882518131559504 0.042202960729182296 0.14433165859183456 6.752473716669168e-06 0.04014475712437846 7439 7439 2
4.3042786268259645 0.03867701291669241 0.14869486075827618 6.1883220666707865e-06 0.03679076688009301 7072 7072 0
3.0689248252977395 0.03162919945002451 0.08959141848163686 5.060671912003921e-06 0.030086669466338197 8058 8058 0
4.639948198546562 0.002079625720130769 0.016231602956832698 3.327401152209231e-07 0.0019782040880968773 2455 1956 7334
3.583742202980263 0.03635832987759477 0.11754736569887757 5.817332780415164e-06 0.03458516410140866 7665 7665 0
4.108848290805184 0.009930046451559408 0.04661225262610958 1.5888074322495054e-06 0.009445766271938345 6451 6451 0
3.1461919611452744 0.02260044992029421 0.06950207890334217 3.616071987247074e-06 0.021498244608334355 7720 7720 0
3.498429204278675 0.04762278297129109 0.14400192743257806 7.619645275406576e-06 0.04530025910356337 7761 7761 1
3.325071572683985 0.026853273037198474 0.08471112617478002 4.296523685951756e-06 0.025543661047636664 7677 7677 0
4.725169405761214 0.011806693912489924 0.06154795478098149 1.889071025998388e-06 0.011230891183211291 5647 5647 0
4.838958175673897 0.04450878511698503 0.1881318474695216 7.1214056187176054e-06 0.04233812835759155 6756 6756 0
3.6432688724684406 0.045347870175114185 0.14389373974650418 7.25565922801827e-06 0.043136291929134464 7729 7729 1
4.215570677750092 0.03235491872038722 0.1254175088382584 5.176786995261956e-06 0.030776996006131093 6973 6973 0
4.385203238210962 0.01152375164563258 0.05602016519788075 1.843800263301213e-06 0.01096174777746547 6241 6241 2
4.629310452160258 0.004476318837421063 0.028301532252968706 7.162110139873702e-07 0.004258012457767926 5391 5391 0
3.7251729961265525 0.028096518697631596 0.09853809121320674 4.4954429916210555e-06 0.026726274642078482 7268 7268 1
4.152439151793779 0.0012866496930442096 0.010512543647186933 2.0586395088707357e-07 0.0012239008481625241 8748 67 1291
4.0476838667576605 0.0066345567719132935 0.03344766421238319 1.061529083506127e-06 0.006310994907335738 6200 6200 1
4.29999516745036 0.017313457283329833 0.07634137114750145 2.7701531653327734e-06 0.0164690942439489 6730 6730 0
4.2062239279001155 0.001349505577316945 0.010983743794501703 2.1592089237071125e-07 0.0012836913027744485 8192 68 1819
3.7600998939796053 0.013341468462842471 0.05403528176291841 2.1346349540547956e-06 0.012690816043932641 6942 6942 1
4.995059556048086 0.024993075863252737 0.11990824311708656 3.998892138120438e-06 0.02377418415641302 5875 5875 0
3.0338168632436866 0.029229898444684446 0.0829328882858578 4.676783751149511e-06 0.027804380393167752 8115 8115 0
4.9169597306290855 0.018659915859621613 0.09280338517084664 2.9855865375394584e-06 0.017749887145426385 5744 5744 0
3.863842977112456 0.025893934439065902 0.09551263281654564 4.143029510250544e-06 0.024631108602105423 7203 7203 0
3.669885671924737 0.004344865982861594 0.021937602192391027 6.951785572578551e-07 0.004132970450562325 6307 6307 1
4.456107308901357 0.029801488004902 0.12379211539814881 4.768238080784321e-06 0.02834809400172265 6791 6791 0
3.329647698540163 0.04878808950847899 0.13988314771889043 7.806094321356638e-06 0.0464087346015516 7847 7847 0
3.2052653441959507 0.01917173081482175 0.06185185007953113 3.06747693037148e-06 0.018236741307175435 7583 7583 1
3.400890544511518 0.01566137277736246 0.055645349056742205 2.5058196443779934e-06 0.014897580537443734 7265 7265 0
3.862333877324498 0.01542123079332447 0.062407465493811085 2.4673969269319153e-06 0.014669150080006535 6882 6882 1
3.7467535539296906 0.029780966885293348 0.10402636312998688 4.764954701646936e-06 0.028328573680200746 7379 7379 0
4.707791427628856 0.021577292025506456 0.10010529173205394 3.4523667240810333e-06 0.020524985280636454 6355 6355 0
4.570018561767709 0.01653944404668175 0.0781666579987717 2.64631104746908e-06 0.01573282899479529 6157 6157 1
4.295968941700438 0.04229708098858166 0.16000135244022706 6.767532958173066e-06 0.04023428721631485 7161 7161 1
4.85691572633081 0.04157758104760059 0.17830033876600376 6.6524129676160955e-06 0.03954987669433654 6667 6667 2
3.523296482356856 0.00012738330018631505 0.004837166053759656 2.038132802981041e-08 0.00012117092164449416 10006 0 0
4.756467825803819 0.019219164470849703 0.0919713255285636 3.0750663153359526e-06 0.018281861662900783 6160 6160 0
3.883698886681135 0.0226961882372883 0.08609377060345329 3.631390117966128e-06 0.021589313846530404 7163 7163 0
4.933554753569425 0.004338801770243029 0.029460488407054477 6.942082832388847e-07 0.00412720198459414 5019 5019 0
4.945728956710987 0.0012738134204042413 0.012440054137564476 2.0381014726467863e-07 0.0012116905899576414 9380 82 667
4.797974228515865 0.002079625720130769 0.016784414252465213 3.327401152209231e-07 0.0019782040880968773 2495 1907 7388
4.170175064590807 0.04821316623826069 0.1734484174885195 7.714106598121712e-06 0.045861849865284576 7232 7232 1
4.831718056493383 0.04296518325743751 0.1823455071925871 6.874429321190003e-06 0.04086980668826787 6712 6712 1
4.413772089463485 0.010632252960766381 0.05287084454243303 1.7011604737226212e-06 0.01011372674855436 6066 6066 1
4.883242453502858 0.00775046281586959 0.045554740396909835 1.2400740505391344e-06 0.007372479133424049 4981 4981 0
4.900813981977448 0.015818153039178384 0.08083868658601971 2.530904486268542e-06 0.015046714755132515 5566 5566 0
4.380792791870329 0.028441515902710008 0.11706178639145914 4.5506425444336015e-06 0.02705444661786324 6848 6848 0
4.401400662506808 0.017313457283329833 0.07814170678348092 2.7701531653327734e-06 0.0164690942439489 6572 6572 1
3.864676173086798 0.02016141610651579 0.07771893071948935 3.225826577042527e-06 0.019178160463039405 7033 7033 2
4.298395371151792 0.013341468462842471 0.06177096661195011 2.1346349540547956e-06 0.012690816043932641 6382 6382 2
4.90409556665374 0.017479057059603193 0.08774537029458716 2.796649129536511e-06 0.016626617855645377 5654 5654 1
3.4562190479315884 0.01285775974211327 0.048212044651982915 2.0572415587381233e-06 0.012230697398768718 7109 7109 0
4.7621106785188605 0.01336689636569109 0.068540060490323 2.1387034185105744e-06 0.012715003848920792 5796 5796 0
4.251115469621708 0.024187260994030006 0.0993209894385556 3.869961759044801e-06 0.0230076682140898 6867 6867 0
4.006531396610856 0.037026391813390264 0.13343585468980274 5.924222690142443e-06 0.03522064520731144 7283 7283 1
4.668335640078877 0.03710078257989679 0.15573883248729628 5.936125212783487e-06 0.03529140799745938 6764 6764 1
4.073196260638312 0.03167473782561632 0.11905201199328792 5.067958052098612e-06 0.0301299869728919 7199 7199 0
4.82539500651247 0.012753024797557584 0.0668694721829993 2.040483967609214e-06 0.012131070291120892 5600 5600 0
4.655097313614532 0.04129449006888015 0.16991203233465987 6.607118411020824e-06 0.03928059182928259 6825 6825 2
4.941776790713909 0.009137320723021747 0.05248197276168407 1.4619713156834797e-06 0.008691701123698995 4878 4878 1
4.938696287717171 0.04061417392436167 0.17776255390242987 6.498267827897867e-06 0.038633454142314505 6544 6544 0
3.134443606621096 0.030127961130552244 0.08786945584295086 4.82047378088836e-06 0.028658645302162646 8009 8009 0
4.737630782119231 0.021864110346675392 0.10184080697974694 3.498257655468063e-06 0.020797815708720312 6253 6253 0
4.928377213653784 0.001430680688196035 0.013372115218818181 2.2890891011136563e-07 0.0013609075704125672 8085 76 1926
4.415927577846346 0.022587978631236058 0.09750724771243771 3.6140765809977697e-06 0.021486381533762873 6720 6720 0
3.948084874830614 0.02260044992029421 0.08721658114836776 3.616071987247074e-06 0.021498244608334355 7004 7004 0
3.349162406231934 0.019219164470849703 0.06475958992943037 3.0750663153359526e-06 0.018281861662900783 7453 7453 1
3.814693342464736 0.00718396984584049 0.03353577886568354 1.1494351753344785e-06 0.0068336135585554915 6542 6542 1
4.766343010520482 0.0241768553974529 0.11131891897923225 3.868296863592465e-06 0.022997770089879917 6260 6260 0
4.845841484514457 0.0483326919377493 0.20197330509665404 7.733230710039889e-06 0.04597554639493999 6717 6717 1
4.354416587714487 0.0009887251121600965 0.009340908868129754 1.5819601794561546e-07 0.0009405058034943698 9952 39 60
3.942489705390115 0.005815942665151501 0.029425698344964012 9.305508264242402e-07 0.005532303935737193 6250 6250 1
4.868460981320556 0.032646935132938856 0.1459323244041557 5.223509621270217e-06 0.03105477101896596 6485 6485 1
4.539435875574405 0.011780050806542819 0.05902166836214459 1.8848081290468512e-06 0.011205547439578014 6034 6034 0
4.3306227288563575 0.005406693499679087 0.03056228108903095 8.65070959948654e-07 0.0051430135147008255 5712 5712 0
4.900813981977448 0.014560220670249417 0.07558330307346149 2.329635307239907e-06 0.013850130710861223 5476 5476 0
4.965205460818456 0.005020368234861166 0.033112528274813265 8.032589175777866e-07 0.004775529014581321 4924 4924 1
4.911164761705352 0.010703742544956547 0.059144255857316134 1.7125988071930476e-06 0.010181729844655922 5099 5099 0
4.7752410905098515 0.0098664139862779 0.0538960216165092 1.5786262378044643e-06 0.009385237109533274 5372 5372 0
4.643699209586367 0.013341468462842471 0.066733225788496 2.1346349540547956e-06 0.012690816043932641 5965 5965 1
3.0994167713866174 0.0024325158691342885 0.012108801406389678 3.892025390614862e-07 0.0023138840754380525 6641 6641 1630
3.8451737883617017 0.01285775974211327 0.0536377144527554 2.0572415587381233e-06 0.012230697398768718 6903 6903 1
4.4253471812370195 7.622296752720498e-05 0.6362903577864447 1.2195674804352797e-08 7.250563623521203e-05 10000 0 0
4.379562855386451 0.00012264609200757573 0.0062475554385736 1.962337472121212e-08 0.00011666474320352026 10005 0 0
4.557677749256531 0.023554364734407536 0.10417637815893349 3.768698357505206e-06 0.022405637783321865 6542 6542 0
4.774780390469326 0.03710078257989679 0.15928990131103027 5.936125212783487e-06 0.03529140799745938 6576 6576 1
4.518451922914357 0.03167473782561632 0.13206601354229752 5.067958052098612e-06 0.0301299869728919 6819 6819 1
4.789332381928279 0.012753024797557584 0.06636972269757398 2.040483967609214e-06 0.012131070291120892 5547 5547 1
4.703939495911907 0.04129449006888015 0.17169478227493193 6.607118411020824e-06 0.03928059182928259 6824 6824 1
4.854149134999046 0.0037278097176147128 0.02587544449590619 5.964495548183541e-07 0.003546007510701966 5394 5394 3
4.49673433056819 0.04061417392436167 0.1618546539925056 6.498267827897867e-06 0.038633454142314505 6931 6931 1
3.8451737883617017 0.023424640352906645 0.0874906143964898 3.7479424564650634e-06 0.022282239952968637 7166 7166 1
4.239897838343346 0.01653944404668175 0.07252019653752154 2.64631104746908e-06 0.01573282899479529 6603 6603 0
3.9432066613596155 0.048936111997708615 0.166084395410616 7.829777919633379e-06 0.04654953815600366 7408 7408 0
4.527088904468954 0.00829205973977417 0.04453300841382501 1.3267295583638674e-06 0.007887662821814558 5786 5786 0
4.139839318966941 0.027963033116334097 0.10907441345115133 4.474085298613456e-06 0.026599299042542185 6974 6974 0
4.541581246992812 0.03685019356789936 0.1506518027338744 5.8960309708638985e-06 0.035053040005004324 6893 6893 2
3.814693342464736 0.0047174660048626 0.024265307029092856 7.547945607780161e-07 0.004487399076642708 6315 6315 0
4.933554753569425 0.0372124396493467 0.16500196096369232 5.9539903438954725e-06 0.03539761964367658 6572 6572 1
4.541581246992812 0.0206624915422113 0.09319148414059107 3.305998646753808e-06 0.019654798862796953 6482 6482 0
4.634327462057695 0.014699026084648771 0.07202472306632933 2.3518441735438037e-06 0.013982166699624394 6083 6083 0
3.2778133303880095 0.0275524223354094 0.08530763999340335 4.408387573665505e-06 0.026208713410916705 7724 7724 0
4.406009101367679 0.0027575722171032276 0.0188321303648501 4.412115547365164e-07 0.0026230876932763435 6322 6322 923
3.011948396391957 0.004476318837421063 0.018413704495663277 7.162110139873702e-07 0.004258012457767926 6927 6927 0
4.899426578827117 0.003976346798720387 0.02740368890482044 6.36215487795262e-07 0.0037824236432433514 5203 5203 0
4.3696763251007935 0.002914561576671214 0.019440400802949936 4.6632985226739423e-07 0.0027724208111921836 6369 6369 380
4.816418304842922 0.0030140959815541206 0.021957513936290498 4.822553570486594e-07 0.002867101005200015 6058 6058 375
4.911164761705352 0.00307872445883426 0.02273845245909358 4.925959134134816e-07 0.002928577604919606 6060 6060 272
4.940725474515533 0.009112737667366026 0.05235909201581401 1.4580380267785642e-06 0.008668316963402591 4907 4907 1
4.221167610600741 0.007119387807765203 0.036848729964682574 1.1391020492424326e-06 0.006772181133239014 6071 6071 0
4.90409556665374 0.016440570107520043 0.08347232511660305 2.6304912172032073e-06 0.01563877705613989 5684 5684 0
4.619390862930725 0.0007446680117355123 0.008390326619769368 1.1914688187768198e-07 0.0007083511666693243 10003 23 11
4.9979296697242654 0.007964560781347649 0.0476319404440178 1.274329725015624e-06 0.007576135717617137 4730 4730 0
4.647025457966139 0.024187260994030006 0.10857083740245367 3.869961759044801e-06 0.0230076682140898 6410 6410 0
3.8619588610554567 0.011185546972990276 0.048173653947857484 1.7896875156784443e-06 0.010640037067909329 6767 6767 0
4.868528157219097 0.012968669636216436 0.0683841930999885 2.07498714179463e-06 0.012336198308764907 5418 5418 0
4.541923874471577 0.020597764513831652 0.09295859429815931 3.2956423222130646e-06 0.01959322851823374 6494 6494 0
4.997588235670603 0.005467247909363648 0.03557133600710304 8.747596654981838e-07 0.005200614735743024 4785 4785 0
4.805579443124948 0.002991239810250037 0.021787031344284197 4.78598369640006e-07 0.0028453595105289746 6315 6315 398
4.636678044143001 0.003755120298692228 0.024850674730340038 6.008192477907565e-07 0.003571986177253774 5599 5599 2
4.607774830365974 0.0004936183072988334 0.006766859781240554 7.897892916781336e-08 0.00046954494936550945 10000 11 12
4.707791427628856 0.001597601832537314 0.013747086865028716 2.5561629320597026e-07 0.0015196881081455606 5572 175 4431
3.6056576309381896 0.0048173207196939745 0.023302874143001823 7.707713151510359e-07 0.004582383959346866 6495 6495 0
4.680768327412815 0.03376863100049857 0.1443227714059304 5.402980960079771e-06 0.03212176270373338 6712 6712 0
4.527088904468954 0.04236372801538764 0.1688329348216213 6.778196482462023e-06 0.04029768392256389 6939 6939 0
4.612123148111127 0.027963033116334097 0.12151791129667178 4.474085298613456e-06 0.026599299042542185 6696 6696 0
4.756467825803819 0.0014064763481365927 0.012761521266597497 2.2503621570185485e-07 0.0013378836560650057 8090 65 1907
4.640288443332008 0.004568240060753383 0.028807528476952945 7.309184097205413e-07 0.0043454507588134746 5330 5330 0
4.892852737431283 0.03368842209932767 0.150562393753699 5.390147535892427e-06 0.03204546552455247 6431 6431 0
4.33164000224885 0.04783556449872287 0.1789712132698024 7.65369031979566e-06 0.04550266345130848 7138 7138 2
4.636230242395076 0.005643019019376229 0.033810003946333975 9.028830431001967e-07 0.005367813633616989 5288 5288 0
4.538783963721649 0.0014783484318830267 0.012584825300838707 2.365357491012843e-07 0.0014062505975347898 6943 101 3052
4.595225484442901 0.01152375164563258 0.05870316078326739 1.843800263301213e-06 0.01096174777746547 5927 5927 1
4.634504333314232 0.004476318837421063 0.028333285317818504 7.162110139873702e-07 0.004258012457767926 5398 5398 0
4.766942084186784 0.005669210541176493 0.03488707374352755 9.07073686588239e-07 0.0053927278164900005 5115 5115 0
4.900813981977448 0.001962144872464728 0.016464996594624765 3.139431795943565e-07 0.001866452684526318 2404 1082 7532
4.446158619036034 0.009736462184577594 0.049656158723318355 1.5578339495324152e-06 0.009261622950076284 5853 5853 1
4.877113673246025 0.0056203106034876694 0.035456727289545936 8.992496965580272e-07 0.005346212688451658 4861 4861 0
4.923392306987541 0.00629975516524231 0.03908377086776137 1.0079608264387697e-06 0.005992521299028808 4744 4744 0
4.95254886974924 0.03362098558082796 0.15214431391089508 5.379357692932474e-06 0.031981317829468794 6316 6316 0
4.241547591570556 0.0009339949617552037 0.008790227815566497 1.494391938808326e-07 0.000888444797407992 9972 35 42
4.548628512567225 0.017352781058922573 0.08090517124049494 2.776444969427612e-06 0.01650650023142249 6344 6344 0
4.882457541579489 0.003947965759600016 0.02716302760506479 6.316745215360026e-07 0.0037554267240050058 5126 5126 0
4.780595165372741 0.03121636550555046 0.1380394973204594 4.994618480888074e-06 0.029693969093016994 6554 6554 0
4.948842447136447 0.033784468919359996 0.15264816281024934 5.4055150270976e-06 0.032136828220347906 6385 6385 0
4.900633781270997 0.0019961872565798094 0.01666188685903002 3.1938996105276954e-07 0.0018988348496309037 2355 1234 7536
4.882707211913004 0.005702697823930684 0.035896356209186575 9.124316518289095e-07 0.005424581952069469 4893 4893 0
3.182632385905464 0.007434716009255694 0.028739017875396358 1.1895545614809112e-06 0.007072131038283225 7189 7189 1
3.05367425435814 0.019491325712291563 0.059730360678213155 3.1186121139666504e-06 0.01854074982495331 7601 7601 1
4.941776790713909 0.0010401814634362974 0.01093633780166177 1.664290341498076e-07 0.0009894526709368098 9952 45 84
4.711699744637476 0.011831404481180847 0.0614754802506552 1.8930247169889357e-06 0.011254396637837283 5682 5682 0
4.869566863147362 0.00018978960557800711 0.005621276462010439 3.036633689248114e-08 0.0001805337229667939 10015 2 2
4.773639895630775 0.007915407580025773 0.04527386306383013 1.2664652128041238e-06 0.007529379677404349 5240 5240 0
4.783951869232354 0.03376863100049857 0.14750424369364487 5.402980960079771e-06 0.03212176270373338 6656 6656 0
4.990573054450603 0.012951572252384892 0.07002401570805566 2.072251560381583e-06 0.012319934750248623 5202 5202 0
4.917948161561279 0.0032282565343464756 0.023573737240852745 5.165210454954361e-07 0.003070817124375672 5855 5855 106
4.895210325643303 0.030213302671998427 0.13755361167452695 4.834128427519749e-06 0.02873982480698369 6300 6300 0
3.682665770905963 0.0028498509726958277 0.016119417095083226 4.5597615563133247e-07 0.002710866090028571 6611 6611 263
4.883835569280154 0.0045859927035811834 0.030408532975589847 7.337588325729894e-07 0.004362337619884933 5122 5122 0
4.946964572981931 0.0016806549500461947 0.014947714578217575 2.6890479200739115e-07 0.0015986907935782676 4856 216 5132
4.900633781270997 0.009744254974650158 0.05476666353585657 1.5590807959440253e-06 0.009269035692200986 4967 4967 0
4.972360118562966 0.0019050590864116874 0.016367995952275387 3.0480945382587e-07 0.001812150925200487 2751 803 7194
4.829290267090336 0.0004100092675430392 0.006539532805011458 6.560148280688628e-08 0.0003900134535555969 10013 7 6
4.629310452160258 0.021149691886036732 0.09682887600320977 3.3839507017658774e-06 0.020118238847477023 6376 6376 0
4.955002325685102 0.025074817456470277 0.1192684826616376 4.011970793035244e-06 0.02385193927951292 6079 6079 0
4.639948198546562 0.010092468825439955 0.05332066844784828 1.6147950120703928e-06 0.00960026744053742 5614 5614 0
4.9760155853564205 0.041096332879781136 0.18089222573743496 6.5754132607649826e-06 0.039092098602945304 6616 6616 0
4.958560347442921 0.0056203106034876694 0.0360488464627121 8.992496965580272e-07 0.005346212688451658 4741 4741 0
4.836732898541937 0.04845353557756711 0.20201954592005392 7.752565692410739e-06 0.04609049659006119 6815 6815 1
4.8291044294200995 0.011694429369379228 0.062421857259112985 1.8711086991006765e-06 0.011124101689322966 5434 5434 1
4.763653961814509 0.0036001504206005022 0.02474495767449793 5.760240672960804e-07 0.0034245740523673545 5640 5640 5
4.699204377546817 0.006273854905389155 0.037185391522772095 1.0038167848622649e-06 0.005967884173497844 5202 5202 0
3.9660415336795802 0.004121962737802517 0.02278828735143031 6.595140380484027e-07 0.003920938013014764 6100 6100 0
4.879971217555828 0.024187260994030006 0.11401326856982502 3.869961759044801e-06 0.0230076682140898 6114 6114 0
3.669885671924737 0.0077904487703670255 0.034373970605329894 1.2464718032587242e-06 0.007410515005883018 6670 6670 0
4.945010717886602 0.002987354244391789 0.02239797504763641 4.779766791026864e-07 0.002841663440514572 6209 6209 476
4.895521352239242 0.004780264645331125 0.03145424968513988 7.6484234325298e-07 0.004547135079183564 5098 5098 1
4.110714893325261 0.003198919914374543 0.01957293700991251 5.118271862999269e-07 0.003042911227176164 6241 6241 33
4.738990083516798 0.0034930384274154784 0.02407289986440039 5.588861483864766e-07 0.0033226858227923257 5622 5622 12
4.776377441238868 0.0030053853007962865 0.021729130297001117 4.808616481274059e-07 0.0028588151371621005 6122 6122 367
4.877530425323909 0.011831404481180847 0.06363914119851041 1.8930247169889357e-06 0.011254396637837283 5271 5271 1
4.930773337969829 0.001597601832537314 0.0143982099527674 2.5561629320597026e-07 0.0015196881081455606 5935 167 4071
4.773639895630775 0.0028598878101806884 0.020947994622914266 4.575820496289102e-07 0.002720413439223149 6318 6318 788
4.15298399337448 0.03376863100049857 0.12804952469407108 5.402980960079771e-06 0.03212176270373338 7137 7137 0
4.6114402616597845 0.0005196037296029028 0.006938499668888656 8.313659673646446e-08 0.00049426308404486 10018 15 8
4.81908079170376 0.002951130778192222 0.02163480411393379 4.721809245107556e-07 0.002807206562900788 6251 6251 508
4.756467825803819 0.022146038485036268 0.10333032145705734 3.5433661576058032e-06 0.021065994444180444 6273 6273 0
4.737705125177094 0.0005775985138814256 0.0075107027793791 9.241576222102811e-08 0.0005494295105020479 10011 13 8
4.940630846668755 0.005956446305418937 0.03755971177759352 9.5303140886703e-07 0.005665955329292788 4919 4919 0
3.9525981474130636 0.0016806549500461947 0.011943143735575288 2.6890479200739115e-07 0.0015986907935782676 3298 421 6715
4.900633781270997 0.02422221784835888 0.11463276725060165 3.875554855737421e-06 0.02304092025144969 6034 6034 0
4.937465687202213 0.0267974214584013 0.12557218836397954 4.287587433344209e-06 0.02549053330429625 6088 6088 0
4.595225484442901 0.002693989443314445 0.0193134560827631 4.3103831093031125e-07 0.00256260579895086 6101 6100 1490
4.866381179331859 0.0030442385810431523 0.022346733232952307 4.870781729669044e-07 0.0028957735749599806 6220 6220 327
4.883242453502858 0.0001433088098934665 0.006141628764915819 2.292940958295464e-08 0.000136319757371402 10003 0 0
4.617683769229133 0.006556826103941243 0.03781045058258703 1.049092176630599e-06 0.006237055099963503 5382 5382 0
3.407732210605682 0.005020368234861166 0.02272587309167915 8.032589175777866e-07 0.004775529014581321 6570 6570 0
4.105376239895145 0.03434455773686043 0.12838436317040913 5.49512923789767e-06 0.03266960196792737 7060 7060 1
4.923392306987541 0.007846078489597421 0.046372964659265554 1.2553725583355875e-06 0.007463431709564837 4766 4766 0
4.8291044294200995 0.010986831528168428 0.05938081311658315 1.7578930445069487e-06 0.010451012811520614 5328 5328 0
4.7089570774818865 0.029538382234338686 0.12985427088055887 4.72614115749419e-06 0.028097819682698782 6723 6723 0
4.699204377546817 0.028789152324676028 0.12684498895525817 4.606264371948165e-06 0.027385129098103627 6599 6599 0
4.9979296697242654 0.02670967719303662 0.12676461966069943 4.273548350885859e-06 0.025407068254421523 6022 6022 0
4.879971217555828 0.02828209420187421 0.12979284020454304 4.525135072299874e-06 0.02690279978195812 6125 6125 0
4.716899533859046 0.001955921816529038 0.015812299294646687 3.1294749064464613e-07 0.001860533121898643 2207 1070 7670
4.672326213428712 0.0030398619482462086 0.021433130173932894 4.863779117193934e-07 0.0028916103869366717 6184 6184 253
4.699825506964736 0.020162346967846467 0.09451742892894238 3.225975514855435e-06 0.01917904592703034 6263 6263 0
4.997588235670603 0.04472253923714538 0.19508561903039337 7.155606277943261e-06 0.04254145786551961 6449 6449 1
4.731021043087946 0.0016746892224687795 0.014260856450965037 2.6795027559500476e-07 0.001593016009616963 4597 260 5410
4.92616836238097 0.0019142559604854517 0.01626990397011682 3.062809536776723e-07 0.0018208992753071056 2578 822 7353
4.914600269805286 0.0021446367668606636 0.01756644738092175 3.431418826977062e-07 0.0020400445996695306 2668 2208 7109
4.545470181492631 0.0019900537547053766 0.015421385292741722 3.184086007528603e-07 0.0018930004735867429 2252 1432 7576
4.773639895630775 0.03311082722227451 0.14478632944074793 5.297732355563921e-06 0.03149603947351358 6508 6508 0
4.648219055240748 0.04036123632343768 0.16643074319152706 6.45779781175003e-06 0.038392852099678784 6807 6807 1
4.9159231959714775 0.00456274286029517 0.030490943841434276 7.300388576472272e-07 0.004340221652289998 4997 4997 0
4.5477442773605645 0.028120672811399006 0.12038262733720632 4.4993076498238416e-06 0.02674925077962887 6789 6789 0
4.655200436717138 0.003700905131959892 0.024681761290891554 5.921448211135827e-07 0.0035204150395107686 5560 5560 2
4.624983252231094 0.01656370364196339 0.07920125248698437 2.650192582714143e-06 0.01575590546961341 6132 6132 1
4.940630846668755 0.02658687526134397 0.12483332002121761 4.253900041815036e-06 0.02529025527170591 6043 6043 0
4.648219055240748 0.0016806549500461947 0.014045027149424188 2.6890479200739115e-07 0.0015986907935782676 4400 292 5606
4.635800403622351 0.00598738191715956 0.035383337669196525 9.579811067455296e-07 0.005695382236750554 5271 5271 0
4.689046378788487 0.001571550528749379 0.013542180991608031 2.514480845999007e-07 0.0014949073049680033 5951 166 4061
4.788279355161903 0.0048137746044338535 0.030928706426489937 7.702039367094166e-07 0.0045790107852047455 5245 5245 0
4.6994408458528945 0.021143703919902453 0.09827287097265346 3.382992627184393e-06 0.02011254290951494 6276 6276 0
4.879304422393895 0.007476697114283483 0.04425430583157908 1.1962715382853573e-06 0.00711206475942588 4926 4926 0
4.828247488935605 0.028005825787413487 0.12737395548818234 4.480932125986158e-06 0.02664000475032912 6345 6345 0
4.965205460818456 0.0009987176815642665 0.010716790730023573 1.5979482905028265e-07 0.0009500110435260607 9961 39 60
4.429187647794004 0.04392349922986764 0.17028984752049045 7.027759876778823e-06 0.04178138638070916 7014 7014 1
4.725488660775399 0.005667571833539317 0.03457601658165687 9.068114933662908e-07 0.005391169027273424 5123 5123 0
4.872799836306683 0.02305466930169166 0.10942540732909285 3.688747088270666e-06 0.021930312084936236 6117 6117 0
4.593682084376903 0.0097673591405608 0.05143297389127987 1.5627774624897283e-06 0.009291013086986058 5671 5671 0
4.838142731164181 0.04875708906586319 0.2031479522635765 7.80113425053811e-06 0.046379246024967 6766 6766 2
4.9979296697242654 0.000912056281718341 0.01021121428548094 1.4592900507493457e-07 0.0008675760487114034 9972 28 32
4.847869736715769 0.002783869285977774 0.020863190999424422 4.454190857564439e-07 0.0026481022757798346 6165 6165 1201
4.686540779373525 0.0019961872565798094 0.015933982360522358 3.1938996105276954e-07 0.0018988348496309037 2337 1403 7538
4.909522552467038 0.03425689651080862 0.15320399947392965 5.481103441729379e-06 0.03258621590760668 6506 6506 0
4.68333076688817 0.002087574492200567 0.01642704851481491 3.340119187520907e-07 0.0019857652051053915 2566 2071 7300
4.549256155305574 0.0002183364768466936 0.005239266456633473 3.493383629547098e-08 0.00020768838685628454 10011 2 4
3.730186927035597 0.004360535384567689 0.022358589853797173 6.976856615308302e-07 0.0041478756684642645 6325 6325 0
4.92616836238097 0.0016007898830645226 0.014404039713526877 2.561263812903236e-07 0.0015227206800766228 5880 164 4121
4.4095779232767605 0.0021446367668606636 0.015761326315229373 3.431418826977062e-07 0.0020400445996695306 2999 2794 6614
4.732119536932056 0.005861126825431457 0.03553029107165098 9.377802920690332e-07 0.005575284501767803 5129 5129 0
4.773639895630775 0.005344508506240523 0.03339186954498088 8.551213609984838e-07 0.005083861232130139 5111 5111 0
3.4466500050121125 0.003606923166558175 0.0179286842526583 5.771077066493081e-07 0.003431016497087777 6351 6351 0
4.853632273005638 0.002246175133330225 0.017921685124089017 3.59388021332836e-07 0.002136631023709398 3349 3157 6182
4.617425964123077 0.03286193576092194 0.13916836574055244 5.257909721747511e-06 0.03125928624355781 6673 6673 0
4.655200436717138 0.0008178098457492476 0.00891968469000824 1.3084957531987964e-07 0.00077792593373259 10006 27 17
4.481952119757756 0.005713621642228835 0.03299860483129587 9.141794627566137e-07 0.005434973024754256 5568 5568 0
3.8577134841452736 0.0028082422625303437 0.016706882941102622 4.4931876200485505e-07 0.0026712866023577693 6552 6552 402
4.515687388334699 0.0003499891525182222 0.005760703480790136 5.599826440291556e-08 0.0003329204700630328 10012 8 6
4.759086389075939 0.0026001005226979415 0.019498907893569416 4.1601608363167066e-07 0.0024732957635956072 5731 5728 2382
4.689472944466589 0.0027951127600185574 0.020240370751321513 4.4721804160296924e-07 0.0026587974148601927 6345 6344 969
4.683971747536969 0.004258331619703737 0.02757901443768751 6.81333059152598e-07 0.004050656296961181 5407 5407 0
4.647590779953532 0.0005573508860380466 0.007236892970837434 8.917614176608746e-08 0.0005301693427774834 10005 10 10
4.879304422393895 0.01545522582585162 0.07898070376427166 2.4728361321362593e-06 0.014701487202821098 5551 5551 1
4.639948198546562 0.00206960700331682 0.016177013576081107 3.3113712053069126e-07 0.0019686739758430277 2457 1925 7328
3.9961481186860817 0.005020368234861166 0.02664996818651747 8.032589175777866e-07 0.004775529014581321 6207 6207 1
4.531202624812275 0.000820165494733939 0.008696576455652676 1.3122647915743026e-07 0.0007801666996581742 9995 21 17
4.923392306987541 0.002065166921259659 0.01713954524012374 3.304267074015455e-07 0.0019644504329276186 2375 1651 7451
3.8296808018290616 0.00481423616577064 0.02473867622586552 7.702777865233024e-07 0.004579449836575625 6213 6213 0
4.763653961814509 0.011533386562841953 0.06089554872068508 1.8453418500547127e-06 0.010970912807705077 5596 5596 1
3.0598138379406703 0.006273854905389155 0.0242126892999742 1.0038167848622649e-06 0.005967884173497844 7144 7144 0
4.589054180929802 0.007964560781347649 0.04373522035824856 1.274329725015624e-06 0.007576135717617137 5593 5593 0
4.520956028549129 0.024187260994030006 0.10562541271165696 3.869961759044801e-06 0.0230076682140898 6575 6575 0
4.686600878674051 0.0019961872565798094 0.015934186694857543 3.1938996105276954e-07 0.0018988348496309037 2341 1408 7539
4.76371984924824 0.003830479169339821 0.025911931615066133 6.128766670943715e-07 0.0036436698579018763 5427 5427 0
4.291210752577196 0.0044942307308738876 0.02631373688192339 7.190769169398221e-07 0.0042750508029427035 5703 5703 0
4.726903966323335 0.005467247909363648 0.03364468646281604 8.747596654981838e-07 0.005200614735743024 5312 5312 0
4.731021043087946 0.0013463336903647496 0.012335203172162277 2.1541339045835995e-07 0.0012806741061341706 8679 77 1338
4.747847530846716 0.0017696172538239283 0.014857929093879972 2.8313876061182856e-07 0.0016833144791367264 3485 445 6523
4.74719818904404 0.0019498892916940264 0.015879889270865775 3.119822866710442e-07 0.0018547947983269305 2270 1045 7634
3.964435770160163 0.0034970494401038894 0.020155436902884676 5.595279104166224e-07 0.003326501221698396 6102 6102 1
4.754483670634984 0.0032731085421957885 0.02302209054029281 5.236973667513262e-07 0.003113481736775871 5822 5822 63
4.628274612947566 0.0037588217994437637 0.024823816412846488 6.014114879110023e-07 0.003575507158864985 5576 5576 0
4.987858629874503 0.004337123779512446 0.02977609013604372 6.939398047219914e-07 0.004125605828088239 5001 5001 0
4.743845989020838 0.003834436095964365 0.02582368316499467 6.135097753542984e-07 0.0036474338084768283 5494 5494 0
4.790714606852205 8.544636580592319e-05 0.01944650661043195 1.3671418528947711e-08 8.127921698317411e-05 10002 0 0
4.640288443332008 0.003034014013370702 0.0212563115499729 4.854422421393123e-07 0.0028860476510243057 6075 6075 264
4.93354454606791 0.003176932058751379 0.023372434187294112 5.083091294002207e-07 0.0030219957011460813 5847 5847 171
4.804190267003362 0.0026858886157895903 0.020148011352050594 4.2974217852633446e-07 0.0025549000421064847 6050 6049 1760
4.423003410077971 0.0498072903908062 0.18909355489283142 7.969166462528992e-06 0.047378229897024705 7083 7083 1
4.564832223848942 0.005899172080704573 0.03444543351884689 9.438675329127317e-07 0.0056114743213038065 5370 5370 0
4.83645181209666 0.0019599670697558677 0.016236273974600493 3.1359473116093885e-07 0.0018643810914602999 2356 1085 7576
4.746926156257949 0.0019499434539836727 0.01587928443199884 3.119909526373877e-07 0.0018548463191663598 2262 1039 7636
4.57053462386005 0.001985063372454611 0.015479439456182064 3.176101395927378e-07 0.0018882534681645318 2258 1359 7568
4.5379885035928424 0.04305872230330582 0.17157434111570338 6.889395568528932e-06 0.04095878391197798 6989 6989 2
4.696274146454291 0.004589497247988614 0.029257601699511117 7.343195596781782e-07 0.004365671250550579 5346 5346 0
4.92118036513957 0.0056203106034876694 0.035777093141503194 8.992496965580272e-07 0.005346212688451658 4836 4836 0
4.706984924973391 0.00090202067212777 0.009553508525524848 1.4432330754044322e-07 0.0008580298675277222 9991 32 36
4.879885748633828 0.005865716217108106 0.03666185380620605 9.38514594737297e-07 0.00557965007259564 4925 4925 0
4.939466286087759 0.0031041203694302556 0.023007073463918986 4.966592591088409e-07 0.0029527349778909226 5914 5914 250
4.55195619209081 0.0008945241165533233 0.009193084596472015 1.4312385864853172e-07 0.0008508989127888648 9976 25 31
4.617749489462661 0.004185733073725002 0.026840205354402166 6.697172917960004e-07 0.003981598322223307 5549 5549 0
4.837515551032373 0.0017509213465281594 0.015029309725791586 2.801474154445055e-07 0.0016655303558278237 3856 365 6141
4.575185458213292 0.036803757980056716 0.1516061794645645 5.888601276809075e-06 0.03500886904250164 6927 6927 2
4.57053462386005 0.001985063372454611 0.015479439456182064 3.176101395927378e-07 0.0018882534681645318 2258 1359 7568
4.864809839452473 0.004520744917649248 0.02996384068073267 7.233191868238798e-07 0.004300271914685967 5096 5096 0
4.649178693788499 0.037001296736658404 0.15475096408479824 5.920207477865345e-06 0.0351967739967847 6708 6708 2
4.8038048701792295 0.004078235638262637 0.027382270156278993 6.525177021220219e-07 0.0038793434480730634 5368 5368 0
4.585882416201081 0.006189663033054661 0.035911617786100865 9.90346085288746e-07 0.0058877982693736385 5421 5421 0
4.464666173491044 0.0004783714928947094 0.006462539725834946 7.653943886315351e-08 0.00045504170953118196 10000 4 4
4.908738690769633 0.0019900537547053766 0.016653843855354265 3.184086007528603e-07 0.0018930004735867429 2368 1192 7533
4.656701777565008 0.0031744070680237817 0.022048067034694127 5.079051308838051e-07 0.0030195938521347956 5872 5872 113
4.8652196328459345 0.004136461256980382 0.028028515052274036 6.618338011168613e-07 0.003934729451364162 5282 5282 0
4.519635479414884 0.002246175133330225 0.016688426189233177 3.59388021332836e-07 0.002136631023709398 3644 3545 5763
4.667612888238079 0.003273049049648931 0.02260114449056783 5.23687847943829e-07 0.0031134251456314817 5760 5760 63
4.655200436717138 0.004311757408401774 0.027667809941237156 6.898811853442838e-07 0.004101476553985897 5445 5445 0
4.527057519626729 0.002111368136763915 0.01600514457226664 3.3781890188222645e-07 0.002008398453237647 2709 2366 7017
4.514483401574825 0.04532099353943059 0.178213890287101 7.2513589663088944e-06 0.04311072604481743 6964 6964 1
4.53421789389086 0.02701441634301482 0.11609074172709245 4.322306614882372e-06 0.02569694552726663 6672 6672 0
4.702427825067383 0.001958803163643545 0.015779856608797892 3.1340850618296725e-07 0.0018632739480896107 2226 1112 7660
4.966040654790259 0.003981915166021265 0.027805342484988282 6.371064265634025e-07 0.0037877204458612417 5243 5243 1
4.2582900928279335 0.0019599670697558677 0.014295348593685005 3.1359473116093885e-07 0.0018643810914602999 2291 1553 7616
4.872080482084427 0.0020433377709863157 0.01683581292252187 3.269340433578105e-07 0.0019436858723182729 2291 1515 7520
4.828533060368499 0.0041901106110286065 0.028087391313592613 6.704176977645771e-07 0.003985762370641233 5248 5248 0
4.760676838764574 0.00043333127606737937 0.006596786360719598 6.93330041707807e-08 0.00041219806694967385 10011 10 6
4.965205460818456 0.0033332849506806997 0.02436649272567946 5.333255921089119e-07 0.003170723391425321 5612 5612 58
4.751921911613969 0.0056203106034876694 0.034546580336146895 8.992496965580272e-07 0.005346212688451658 5238 5238 0
4.864397377034223 0.001926554691267797 0.016137078471482925 3.082487506028475e-07 0.0018325982071276392 2476 923 7485
4.879885748633828 0.007468933063073967 0.044223630538324614 1.1950292900918348e-06 0.007104679354593568 4873 4873 0
4.859271276520484 0.0038226725394755953 0.026391543587944516 6.116276063160953e-07 0.0036362439509407423 5339 5339 1
4.898082023346657 0.006273854905389155 0.0387591351887275 1.0038167848622649e-06 0.005967884173497844 4874 4874 0
4.741947762998594 0.001960511278882089 0.01592207791051884 3.136818046211343e-07 0.0018648987599560536 2267 1076 7607
4.743801160142831 0.0019077461129234086 0.015630813110211132 3.052393780677454e-07 0.0018147069076442782 2565 963 7425
4.73930808449911 0.0033711855943846618 0.02345223523915571 5.393896951015459e-07 0.0032067756519791896 5665 5665 30
4.785199826362656 0.0032183735578805543 0.02288591676536462 5.149397692608888e-07 0.003061416132524975 5784 5784 100
4.550188753163097 0.0008949229581389287 0.009191950543142336 1.431876733022286e-07 0.0008512783031991251 9974 26 33
4.743569731992407 0.0019506117249882791 0.0158718187469314 3.120978759981247e-07 0.0018554819991449599 2286 1070 7623
4.731021043087946 0.0020474946613964276 0.01637152273955782 3.2759914582342843e-07 0.0019476400346098112 2319 1650 7493
4.8836103145549945 0.0030169206749191477 0.02227902914864188 4.827073079870637e-07 0.002869787940598162 6199 6199 372
4.8377271789008605 0.0019318647828085525 0.016079147119880056 3.0909836524936844e-07 0.00183764932988132 2465 953 7489
3.3440083474658557 0.004607943800549057 0.020896333667466353 7.372710080878493e-07 0.004383218179949043 6588 6588 0
4.782025775679908 0.0020151096911732794 0.016365503576949398 3.224175505877247e-07 0.001916834452687936 2223 1369 7599
4.70809319594057 0.0006671335281732312 0.008048826592346509 1.0674136450771699e-07 0.00063459797595492 10002 15 9
4.783543791225811 0.0019491297737872053 0.01599715708297297 3.1186076380595286e-07 0.0018540723214823173 2297 1032 7640
4.724278518383436 0.0018752337937151774 0.015383241824137894 3.000374069944284e-07 0.0017837801874423433 2540 769 7420
4.808474936438722 0.004231570917161771 0.02817828558361372 6.770513467458834e-07 0.004025200691822034 5211 5211 0
4.795605681299146 0.005142090423551345 0.032570695058523155 8.227344677682153e-07 0.004891314912470617 5100 5100 0
4.559840864169626 0.03134121811782471 0.13210421014760781 5.014594898851954e-06 0.02981273274631273 6851 6851 1
4.592768243238979 0.0016192631916619113 0.013533204599275638 2.5908211066590585e-07 0.0015402930606421656 5090 204 4917
4.580617576149332 0.001983055835825545 0.015502706803148367 3.1728893373208724e-07 0.0018863438374419547 2258 1330 7571
3.1454771273433737 0.0022703121451421067 0.0117023155479968 3.632499432227371e-07 0.00215959089335253 5521 5514 3289
4.2582900928279335 0.002083688236402363 0.01491677841440139 3.3339011782437815e-07 0.001982068478798836 2794 2479 6947
4.776580222244213 0.0033524639311148102 0.023539977734052794 5.363942289783697e-07 0.0031889670287938298 5681 5681 36
4.3393741593326 0.0019636661677583447 0.014586583899919188 3.141865868413352e-07 0.0018678997875025427 2317 1515 7581
4.703580856347287 0.014649718092674048 0.07290233971860352 2.343954894827848e-06 0.013935263417771297 5900 5900 0
4.827092781291625 0.0019289779406810419 0.01602723457977883 3.0863647050896674e-07 0.0018349032766646033 2456 963 7506
4.701816134999319 0.0056203106034876694 0.03418231020096383 8.992496965580272e-07 0.005346212688451658 5210 5210 0
4.657218845473878 0.002065166921259659 0.01621292964646914 3.304267074015455e-07 0.0019644504329276186 2461 1930 7353
4.71970291803367 0.007468933063073967 0.04277198460152628 1.1950292900918348e-06 0.007104679354593568 5283 5283 0
4.4064449200159155 0.002017733971448714 0.015093800785024418 3.228374354317942e-07 0.0019193307489776595 2305 1726 7511
4.898082023346657 0.001913078867967797 0.016170277154168532 3.0609261887484753e-07 0.001819779588621202 2587 863 7362
4.542937053124334 0.0019905581057961634 0.015415500964769999 3.184892969273862e-07 0.0018934802278905926 2229 1414 7592
4.792507180747082 0.006169603255890877 0.03743566771960207 9.871365209425403e-07 0.005868716791005878 5124 5124 0
4.311082988479438 0.0019642948256571487 0.0144946971816726 3.142871721051438e-07 0.0018684977862738553 2276 1517 7609
4.57053462386005 0.0019552931586302343 0.015318236831370364 3.128469053808375e-07 0.0018599351231273304 2189 1202 7729
4.68333076688817 0.001934476036068087 0.015580515602087936 3.0951616577089394e-07 0.00184013323447197 2291 987 7595
4.881147253340337 0.0036657269244149207 0.025696893730780664 5.865163079063874e-07 0.0034869524441486534 5465 5465 7
4.5845932575550865 0.03243602934541406 0.1366817080670415 5.18976469526625e-06 0.03085415093283882 6782 6782 0
4.773734870514542 0.0036871129517163995 0.025240157369865797 5.89938072274624e-07 0.003507295492528184 5430 5430 2
4.769327378334593 0.005062709794259674 0.03201033223229055 8.100335670815479e-07 0.004815805611032176 5112 5112 0
3.9800273143019878 0.0017426190753172255 0.012325286069055032 2.7881905205075613e-07 0.0016576329795398802 2718 595 7277
3.707617735947525 0.0020151096911732794 0.012688562162963917 3.224175505877247e-07 0.001916834452687936 2747 2481 7013
4.8652196328459345 0.006215189481708738 0.03822045349001636 9.944303170733983e-07 0.005912079814169554 4925 4925 0
4.242143717676872 0.001974987800021401 0.014316653563175187 3.1599804800342417e-07 0.0018786692730931032 2330 1638 7513
4.675853815561251 0.006218806406699074 0.0367493453381672 9.95009025071852e-07 0.005915520344709717 5179 5179 0
4.709019042145791 0.0019277206248834375 0.01562815801715322 3.0843529998135e-07 0.001833707279121981 2381 994 7552
4.5644460728746505 0.0019335046206263792 0.015179739960420062 3.093607393002207e-07 0.0018392091941605694 2252 1072 7660
4.538897959323356 0.005956446305418937 0.03450565412209241 9.5303140886703e-07 0.005665955329292788 5441 5441 0
3.9525981474130636 0.001930468363879178 0.013130683454293779 3.088749382206685e-07 0.0018363210131519946 2202 1554 7658
4.460460006628233 0.001999263876359597 0.015181539857788265 3.1988222021753557e-07 0.001901761425200239 2351 1634 7507
4.972360118562966 0.001975488919536146 0.016783984595860158 3.160782271257834e-07 0.0018791459534222119 2382 1086 7547
4.820340041744846 0.004731340054359431 0.03073055425464979 7.57014408697509e-07 0.004500596500182634 5176 5176 0
4.58321819138798 0.0018787664152189534 0.014943260999357196 3.0060262643503255e-07 0.0017871405259074918 2463 832 7487
4.683250131440073 0.0019509824190037384 0.01567205171559364 3.1215718704059815e-07 0.0018558346147188659 2262 1104 7637
4.34973057896635 0.002079625720130769 0.015216355162993382 3.327401152209231e-07 0.0019782040880968773 2639 2299 7094
4.5403834570045865 0.001904724021667397 0.014944204060969891 3.0475584346678354e-07 0.0018118322012875656 2420 991 7511
4.47778752851398 0.005656565620154229 0.03271473029660319 9.050504992246767e-07 0.005380699577842168 5491 5491 0
4.693002502027476 0.00531685031568542 0.03269780957586835 8.506960505096673e-07 0.005057551908728412 5228 5228 0
4.879885748633828 0.004850440082178626 0.031702513483752956 7.760704131485803e-07 0.0046138881178250475 5138 5138 0
4.4064449200159155 0.001955250693101391 0.014768064977775585 3.1284011089622255e-07 0.001859894728607322 2230 1365 7689
4.951014412444312 0.001947958172135781 0.016550328187902277 3.1167330754172497e-07 0.001852957857877625 2481 954 7456
4.868846891340244 0.0019262011101837083 0.01614979180728875 3.0819217762939336e-07 0.0018322618699015479 2502 939 7483
4.400280360572704 0.001965850025743645 0.014802707182820932 3.145360041189832e-07 0.0018699771405341606 2315 1501 7583
4.311082988479438 0.0020492010756588755 0.014927000367706694 3.278721721054201e-07 0.00194926322845536 2609 2197 7220
4.576450956467544 0.0048345729880773895 0.029657351148452533 7.735316780923824e-07 0.004598794848823109 5412 5412 0
4.293879256847677 0.001934476036068087 0.014284887419824316 3.0951616577089394e-07 0.00184013323447197 2217 1257 7661
4.268062920144377 0.0019478197149215004 0.014266645812006781 3.116511543874401e-07 0.0018528261531075476 2154 1356 7702
4.260400609651332 0.001957343755549283 0.014289179376005571 3.131750008878853e-07 0.0018618857141250444 2226 1483 7673
4.92616836238097 0.0018893232439322234 0.016123510112941903 3.0229171902915575e-07 0.0017971825067869243 2782 723 7181
4.334181462265825 0.0017875677886613588 0.013657196482243783 2.8601084618581743e-07 0.0017003895811876365 2759 593 7240
4.15330663218543 0.001970667928905233 0.01399558918594745 3.1530686862483726e-07 0.0018745600785301903 2355 1709 7484
4.244423128434823 0.001908171369951507 0.013987513902269289 3.0530741919224115e-07 0.001815111425237677 2229 1150 7689
4.539847904330049 0.001935348289022084 0.015107882427820725 3.0965572624353345e-07 0.001840962948368441 2262 1123 7663
4.783543791225811 0.014295270243789578 0.07268622098687874 2.2872432390063326e-06 0.013598101698288274 5842 5842 0
4.724278518383436 0.001958281724244261 0.015850259136170778 3.133250758790818e-07 0.0018627779388599814 2229 1064 7629
3.844405255328261 0.0019277206248834375 0.012758702454697828 3.0843529998135e-07 0.001833707279121981 2235 1636 7616
4.259921764834757 0.005090644169951197 0.028711483316562113 8.145030671921917e-07 0.004842377650248892 5788 5788 0
3.7098565138388313 0.0019335931379123455 0.012338066390242219 3.093749020659753e-07 0.0018392933945314681 2310 1808 7514
4.024653355211017 0.0019472935257323042 0.013450498615979158 3.1156696411716867e-07 0.0018523256257313447 2276 1637 7638
4.455754760025945 0.005002211232750825 0.02963319732610576 8.00353797240132e-07 0.0047582575144962 5544 5544 0
4.8396205929320235 0.005006421500343576 0.032206733079734255 8.010274400549723e-07 0.004762262450809182 5083 5083 0
4.170620535033549 0.022972711319997292 0.09338225400027865 3.6756338111995673e-06 0.021852351126447137 6901 6901 0
4.746926156257949 0.0020284258136201647 0.016319939984947764 3.2454813017922637e-07 0.0019295011588202156 2320 1555 7572
4.57053462386005 0.0019519448569415496 0.015300079977963883 3.1231117711064797e-07 0.0018567501153518352 2212 1174 7702
4.572053458882375 0.001937943887925165 0.015229158179382411 3.100710220680264e-07 0.001843431962052698 2249 1093 7661
4.284786971401826 0.0019444899217694114 0.014305609801008546 3.1111838748310584e-07 0.001849658751222575 2170 1345 7700
4.6610456201212145 0.0019578353625051385 0.015635641220178083 3.132536580008222e-07 0.0018623533458149183 2158 1084 7713
4.923392306987541 0.0019237650448809887 0.016316451147330605 3.078024071809582e-07 0.0018299446094954743 2534 942 7477
3.8835646597720883 0.0019358653208772399 0.012926263596920081 3.097384513403584e-07 0.0018414547650062358 2324 1706 7563
4.384800407070328 0.001982685022272928 0.01483805620820771 3.172296035636685e-07 0.0018859911081606188 2330 1584 7537
4.060378160249227 0.0019404533868269055 0.013536911793359507 3.104725418923049e-07 0.0018458190747617028 2205 1539 7708
4.542937053124334 0.001961498901065596 0.015259177788844641 3.138398241704954e-07 0.001865838216619816 2239 1273 7655
4.400280360572704 0.0019585395501834843 0.014764569889718441 3.133663280293575e-07 0.0018630231908406875 2291 1429 7647
4.311082988479438 0.0019945394748422697 0.014649048615121492 3.191263159747632e-07 0.0018972674288503574 2280 1664 7557
4.55715107775044 0.001978256974312198 0.015397400743688446 3.1652111588995174e-07 0.0018817790124486782 2290 1388 7593
4.382514758637883 0.001955845961384768 0.014690958428246977 3.129353538215629e-07 0.001860460966147228 2256 1400 7661
4.355275351290633 0.0019358164616912928 0.014496077738151975 3.0973063387060685e-07 0.0018414082886425104 2237 1265 7655
4.260400609651332 0.0019422570496534092 0.014212894352843246 3.1076112794454547e-07 0.0018475347744390047 2191 1357 7696
4.171387690606585 0.0019142559604854517 0.0137770518901822 3.062809536776723e-07 0.0018208992753071056 2196 1277 7742
4.136652623947618 0.0019704086631885283 0.013938198822506069 3.1526538611016456e-07 0.001874313456988764 2362 1715 7505
4.253437348391223 0.0019900537547053766 0.014430607516721008 3.184086007528603e-07 0.0018930004735867429 2333 1744 7510
4.521203125613061 0.0019455868428055016 0.015100820453636692 3.112938948488803e-07 0.0018507021763239804 2176 1158 7715
4.539847904330049 0.001939731241712657 0.01513152367688405 3.1035699867402514e-07 0.0018451321480693766 2236 1109 7656
3.9362019079036568 0.0019308732004178278 0.013078108963196647 3.0893971206685247e-07 0.0018367061061463808 2211 1581 7668
3.9578319840330303 0.0019326238499833698 0.013158211787664794 3.092198159973392e-07 0.0018383713779757576 2226 1584 7660
4.439248641709792 0.001953167126701655 0.014867032189376439 3.125067402722648e-07 0.0018579127760233163 2262 1335 7691
3.950381005174306 0.0019281211683401418 0.013112293318100123 3.084993869344227e-07 0.0018340882884044893 2185 1508 7669
3.7098565138388313 0.0019418800555462933 0.012374592630864155 3.1070080888740695e-07 0.0018471761660237185 2341 1865 7488
4.362687360024702 0.001930468363879178 0.014493015631256486 3.088749382206685e-07 0.0018363210131519946 2190 1206 7722
4.09727983550175 0.0019381352031504137 0.013648655078563046 3.1010163250406623e-07 0.0018436139469921217 2211 1500 7701
4.344778693729495 0.0019545390935147913 0.014557724726976258 3.1272625496236663e-07 0.001859217833145955 2287 1471 7666
4.344330370318027 0.0019669122218413104 0.014619958143667353 3.147059554946097e-07 0.0018709875342037626 2327 1547 7587
3.822968721940584 0.0019412401244167272 0.01274898392256742 3.1059841990667637e-07 0.0018465674438078148 2336 1793 7525
4.298703650740786 0.0019519448569415496 0.014390112989091153 3.1231117711064797e-07 0.0018567501153518352 2241 1428 7671
4.248539167663953 0.001961803764446081 0.0142718664286833 3.13888602311373e-07 0.0018661282120645485 2287 1549 7580
4.139967255650355 0.0019510988118016416 0.013854579010811724 3.1217580988826267e-07 0.0018559453311359638 2187 1493 7695
4.2679136864962 0.0019478494276491225 0.014266297507411619 3.1165590842385963e-07 0.0018528544167699373 2149 1349 7703
4.391760453405695 0.0019464262632077345 0.014672858673045453 3.114282021132375e-07 0.0018515006588851717 2193 1269 7707
4.13038027859433 0.001934770324407458 0.013742403206982053 3.095632519051933e-07 0.0018404131706116261 2147 1383 7720
4.4064449200159155 0.0019543480191608273 0.014763346266448754 3.126956830657324e-07 0.001859036077330722 2234 1356 7682
4.05008639270663 0.0019344254508609979 0.013473593273919957 3.095080721377597e-07 0.0018400851162637308 2190 1494 7716
4.206294843818151 0.0019905581057961634 0.014273176463757429 3.184892969273862e-07 0.0018934802278905926 2297 1748 7514
3.975921325367789 0.0019458714364687865 0.01328092241957227 3.1133942983500585e-07 0.0018509728905889116 2260 1642 7604
4.5754744767981235 0.0019413499149122347 0.015259065862005938 3.1061598638595756e-07 0.0018466718799113621 2227 1087 7677
4.172465554157117 0.001938456488106189 0.013900702646076223 3.1015303809699027e-07 0.0018439195631454542 2205 1408 7710
3.8053117379414285 0.0019005182326232613 0.0125057169729733 3.0408291721972183e-07 0.0018078315251080755 2265 1531 7691
3.984420583638856 0.0019280346095206582 0.01322486900126753 3.0848553752330536e-07 0.0018340059509872775 2206 1505 7705
4.23116340229757 0.0019319855057595495 0.01406371912992223 3.0911768092152797e-07 0.0018377641652735145 2180 1259 7687
4.182823750160012 0.0019399068688528073 0.013942418250368486 3.103850990164492e-07 0.0018452992100186799 2183 1394 7697
3.808009606755025 0.0019032650256557183 0.01252705024866303 3.0452240410491495e-07 0.001810444359308655 2280 1541 7629
4.545470181492631 0.0019270895749127423 0.01508196562959536 3.083343319860388e-07 0.0018331070049381513 2249 1099 7666
3.965552868105177 0.0019197701896878014 0.013123258878175559 3.0716323035004825e-07 0.0018261445800969044 2245 1502 7663
4.192708149703571 0.0019471429293001913 0.01401139265920111 3.1154286868803065e-07 0.0018521823737630827 2170 1434 7712
3.9026673568518047 0.001938983883678358 0.013004306513819014 3.102374213885373e-07 0.001844421238070327 2263 1677 7620
4.032307093961286 0.0019299060609085303 0.013392783968104999 3.0878496974536487e-07 0.0018357861332336915 2219 1476 7706
3.8094562195473385 0.001926698611570847 0.012638084619298707 3.0827177785133554e-07 0.0018327351085561502 2338 1733 7584
4.3165549166130655 0.0019457197648587998 0.014417976563083894 3.11315162377408e-07 0.0018508286158783137 2183 1351 7732
4.425644900883972 0.001946860521257164 0.01478834810866152 3.114976834011463e-07 0.0018519137385275112 2186 1258 7741
3.9243537658191454 0.001927948606528479 0.013025097194919654 3.084717770445567e-07 0.0018339241422901302 2216 1570 7676
4.092004731052813 0.0019298243510959268 0.013590664383886763 3.087718961753483e-07 0.001835708408341291 2172 1406 7728
4.151059719955951 0.0019432140210280877 0.013852845669856048 3.1091424336449406e-07 0.0018484450751086188 2150 1395 7690
4.2582900928279335 0.0019320763941795965 0.014154344029508523 3.091322230687355e-07 0.0018378506211402395 2236 1284 7656
4.452346118323339 0.0019381587281179606 0.014831558683111224 3.101053964988737e-07 0.001843636324666394 2187 1166 7703
4.189086426263666 0.0019286789068796543 0.01390739395049005 3.085886251007447e-07 0.0018346188264952012 2199 1321 7703
4.068943543378882 0.0019198804667081189 0.013465945029825635 3.0718087467329905e-07 0.0018262494789978482 2196 1351 7691
4.284786971401826 0.001886633774247106 0.014010495420783054 3.01861403879537e-07 0.001794624200321289 2275 1045 7657
4.569413733491135 0.0019425357675003224 0.015245289011739972 3.1080572280005164e-07 0.001847799899446285 2210 1095 7676
3.7331552809695996 0.0018875883916710488 0.012211010646623211 3.020141426673678e-07 0.0017955322618404038 2216 1465 7698
3.872022826700144 0.0019216174439556505 0.01282224950431536 3.074587910329041e-07 0.0018279017452968926 2185 1529 7679
4.176048475201382 0.0019300317397051847 0.013870826278912653 3.0880507835282957e-07 0.0018359056827790365 2185 1330 7727
3.6873215842079348 0.0019493809534512699 0.012332263203272886 3.119009525522032e-07 0.0018543112513212249 2341 1908 7479
4.027878248111968 0.0019905581057961634 0.013667757288656133 3.184892969273862e-07 0.0018934802278905926 2451 1976 7419
4.360070070160633 0.0019441754294717596 0.01455532914036474 3.1106806871548156e-07 0.0018493595964550287 2216 1313 7709
3.803627025165981 0.0019283504783842512 0.0126262176453418 3.085360765414802e-07 0.001834306415186779 2322 1720 7567
3.985552857449691 0.001926252627043195 0.013220181136031132 3.082004203269112e-07 0.001832310874326265 2225 1502 7653
4.046964521557303 0.0019434344141637458 0.013506520126981917 3.1094950626619934e-07 0.0018486547198527314 2246 1579 7654
3.8579331320198333 0.0019552931586302343 0.01292993889322296 3.128469053808375e-07 0.0018599351231273304 2407 1928 7495
4.23116340229757 0.0019326815602075872 0.014067219910945216 3.09229049633214e-07 0.0018384262737199128 2195 1289 7703
4.182823750160012 0.0019362204342847841 0.013924098550127191 3.097952694855655e-07 0.0018417925598256312 2216 1361 7676
3.9842092479579296 0.0019498892916940264 0.013327609080140803 3.119822866710442e-07 0.0018547947983269305 2235 1636 7603
4.097641652147765 0.0019319028146967641 0.013619511131514977 3.091044503514823e-07 0.0018376855069856945 2172 1412 7721
4.290382032977267 0.0019399860866932753 0.014301341164466503 3.103977738709241e-07 0.0018453745644703712 2212 1327 7694
4.273736326639178 0.0019272549301552686 0.014181187386023558 3.08360788824843e-07 0.00183326429594181 2199 1250 7708
4.179355683522144 0.0019308732004178278 0.01388599220870954 3.0893971206685247e-07 0.0018367061061463808 2178 1311 7720
3.8911251545953647 0.0019398263711300281 0.012969740366915308 3.103722193808045e-07 0.0018452226381034825 2290 1700 7590
4.237369119822303 0.0019449447112817007 0.014149584117246374 3.111911538050721e-07 0.0018500913610252552 2259 1454 7648
3.763893080278625 0.0019260877475059564 0.012484191886045281 3.0817403960095307e-07 0.0018321540358281394 2326 1737 7562
4.494549407103245 0.001946860521257164 0.015018593382976796 3.114976834011463e-07 0.0018519137385275112 2141 1166 7757
4.530075229596102 0.0019431743209797833 0.01511747619053897 3.1090789135676535e-07 0.0018484073111989434 2233 1172 7690
4.494549407103245 0.0019498479977937064 0.015034531607835133 3.1197567964699305e-07 0.0018547555182960886 2168 1189 7724
4.151059719955951 0.0019466222450946653 0.013869644050159531 3.114595592151465e-07 0.0018516870828970346 2189 1466 7698
4.808759885497137 0.0019320763941795965 0.015984078184167246 3.091322230687355e-07 0.0018378506211402395 2469 988 7484
4.6837364577698315 0.0019477383092252713 0.015655644873890817 3.116381294760434e-07 0.001852748717500017 2232 1062 7641
4.600769683182367 0.0019512469106170716 0.015397482794620108 3.1219950569873146e-07 0.0018560862072942506 2178 1110 7700
4.405679575679837 0.0019512064308699548 0.014744359410591424 3.121930289391928e-07 0.0018560477017110313 2225 1311 7682
4.42280187316023 0.0019407064691631323 0.014746527283158142 3.105130350661012e-07 0.00184605981448102 2239 1242 7684
3.9095266521885206 0.0019359539688186059 0.01301308870581751 3.0975263501097697e-07 0.0018415390896605781 2288 1670 7602
4.601564957913913 0.001951512168920054 0.015401592822799287 3.122419470272087e-07 0.0018563385291684618 2167 1105 7694
4.5582208698611595 0.0019513898713746161 0.015255857178600273 3.122223794199386e-07 0.001856222195973499 2231 1205 7714
4.479459369235225 0.00195849983864246 0.015030033818634702 3.1335997418279363e-07 0.001862985415998783 2225 1312 7704
4.25401841130835 0.0019511812533784742 0.01423667231052097 3.121890005405559e-07 0.0018560237521050551 2239 1464 7673
4.305487864293781 0.0019350298347805273 0.014326340593658008 3.096047735648844e-07 0.001840660024877728 2220 1263 7670
4.760502032313877 0.0019441754294717596 0.015892101007255358 3.1106806871548156e-07 0.0018493595964550287 2366 1046 7570
4.399520117984661 0.0019362111063142354 0.014645404965872818 3.097937770102777e-07 0.001841783686772517 2213 1236 7729
4.661396264163766 0.0019446628025645285 0.015563951380083286 3.111460484103246e-07 0.0018498232007638285 2286 1102 7643
4.397175141769041 0.0019393577854964553 0.014654038001990593 3.1029724567943285e-07 0.0018447769050049807 2288 1303 7678
4.068330332209929 0.001921547917433604 0.013471987592100438 3.0744766678937665e-07 0.0018278356095260122 2193 1379 7719
4.515327808181888 0.0019319855057595495 0.015008236750987907 3.0911768092152797e-07 0.0018377641652735145 2235 1103 7680
4.53402590010961 0.0019546277961705327 0.015192298300580937 3.127404473872853e-07 0.001859302209846298 2186 1224 7731
4.58290439799285 0.0019556572250029047 0.01536167361946095 3.129051560004648e-07 0.0018602814342831234 2214 1207 7712
4.314549337468733 0.0019319028146967641 0.014340456710831716 3.091044503514823e-07 0.0018376855069856945 2237 1243 7673
4.670731361152057 0.001951132068083762 0.01563098831881649 3.1218113089340197e-07 0.0018559769655366197 2185 1065 7679
4.586362192435628 0.0019402355734645625 0.01528930555668613 3.1043769175433e-07 0.001845611883977487 2245 1082 7659
4.588059333961666 0.0019505699078267921 0.01535125869131116 3.1209118525228675e-07 0.0018554422213719662 2160 1111 7704
4.167370353081592 0.0019433641292272083 0.01390802009984266 3.1093826067635336e-07 0.00184858786265461 2235 1472 7682
4.549650777694151 0.0019528047136683699 0.015234812268816213 3.124487541869392e-07 0.0018575680375749097 2194 1189 7713
4.547029976538428 0.001934803843689003 0.01512884123317249 3.095686149902405e-07 0.0018404450551854415 2265 1107 7657
4.598130553426247 0.001934770324407458 0.015298679492298932 3.095632519051933e-07 0.0018404131706116261 2257 1047 7638
4.773619307468127 0.001930468363879178 0.015858147405825477 3.088749382206685e-07 0.0018363210131519946 2404 951 7530
4.149981773707439 0.0019349656682950377 0.01380858377063335 3.0959450692720604e-07 0.0018405989877388399 2186 1391 7710
4.428030588397187 0.001940237846796082 0.014761496079059654 3.104380554873732e-07 0.0018456140464405027 2221 1219 7697
4.644345799414301 0.0019679171952888125 0.015635129929734374 3.1486675124621e-07 0.001871943495924679 2252 1207 7600
4.434099460984839 0.001946600880226336 0.014815232375007748 3.114561408362138e-07 0.001851666759975722 2194 1250 7744
4.427049035832436 0.0019410707640580248 0.014762603779120519 3.10571322249284e-07 0.0018464063430141946 2245 1247 7684
4.068943543378882 0.0019504422710455334 0.013613724791777899 3.120707633672854e-07 0.0018553208093313122 2290 1639 7645
4.7085478376637715 0.0019587660049830806 0.015800185939015898 3.134025607972929e-07 0.0018632386016263853 2227 1100 7656
4.593822889172712 0.001959201498646774 0.015417582921820504 3.1347223978348386e-07 0.001863652856623099 2200 1190 7681
4.245819767712645 0.001951512168920054 0.01421090169526751 3.122419470272087e-07 0.0018563385291684618 2244 1481 7667
4.2679136864962 0.0019615613384224434 0.014335723405050035 3.1384981414759097e-07 0.0018658976089582396 2276 1526 7586
4.799634519565371 0.0019548882823290023 0.016083764365424042 3.127821251726404e-07 0.0018595499923095508 2281 1052 7639
4.373238993336295 0.0019457979265274164 0.014607716181229954 3.1132766824438667e-07 0.0018509029656667844 2198 1280 7709
4.833117440589228 0.0019529081516272834 0.016184612673061222 3.124653042603654e-07 0.0018576664309498364 2319 1023 7594
4.582636277839123 0.0019503279577203145 0.015331797740764682 3.1205247323525034e-07 0.0018552120709727305 2175 1141 7719
4.586683616749595 0.0019498953224948816 0.015342983566769114 3.119832515991811e-07 0.0018548005350105996 2164 1113 7712
4.633288605951161 0.0019395871638244293 0.015442172879955932 3.103339462119087e-07 0.0018449950967409873 2253 1053 7652
4.589381049831551 0.001934476036068087 0.015267963466594628 3.0951616577089394e-07 0.00184013323447197 2267 1063 7640
4.911916564781128 0.0019619096096464353 0.01650092729079951 3.1390553754342965e-07 0.0018662288952817345 2411 1073 7527
4.434048306940312 0.0019319855057595495 0.014738076521330747 3.0911768092152797e-07 0.0018377641652735145 2269 1222 7695
4.178897987329286 0.001933283175397666 0.013896442934491422 3.093253080636266e-07 0.0018389985486331126 2198 1358 7718
4.534765661243322 0.0019553762607272783 0.015198803492917759 3.1286020171636456e-07 0.0018600141724036071 2187 1246 7745
4.558722453105016 0.0019528177758252746 0.015265260039506819 3.12450844132044e-07 0.00185758046270119 2235 1214 7714
4.881287423033474 0.0019697831780794046 0.016443583145080785 3.151653084927048e-07 0.0018737184762727948 2353 1107 7557
4.250362577796482 0.0019331196738636772 0.014133264188624 3.092991478181884e-07 0.0018388430209341539 2241 1318 7653
4.501906964632964 0.0019587130163762102 0.01510649090190613 3.1339408262019367e-07 0.0018631881972301912 2194 1271 7717
4.579111557076677 0.0019514028439485964 0.015325846472340355 3.122244550317755e-07 0.0018562345358857403 2211 1164 7693
4.549650777694151 0.0019437517043291233 0.015185921903530844 3.1100027269265976e-07 0.0018489565360383013 2228 1150 7679
4.417785514535544 0.001943410130249141 0.014743987271943156 3.1094562083986256e-07 0.0018486316202446236 2198 1242 7733
4.277156187591398 0.001934770324407458 0.014230748973342207 3.095632519051933e-07 0.0018404131706116261 2233 1294 7652
4.362687360024702 0.001937286057673647 0.014528366030213813 3.0996576922778354e-07 0.001842806213640265 2270 1268 7650
4.4517233009294515 0.0019438140319725447 0.014859386954760417 3.110102451156072e-07 0.001849015824013933 2172 1196 7732
4.315044422659826 0.0019432140210280877 0.014400092621725513 3.1091424336449406e-07 0.0018484450751086188 2230 1351 7684
4.534553994432377 0.001948499108646938 0.015161089429601477 3.117598573835101e-07 0.001853472413361053 2139 1140 7750
4.376213762033553 0.0019398367022070775 0.014586671721795409 3.1037387235313244e-07 0.0018452324653424202 2271 1290 7668
4.661872210926604 0.0019566531430221176 0.015631877177998754 3.1306450288353885e-07 0.001861228782201523 2146 1076 7717
4.322224767145759 0.0019349023383198743 0.014381377088922322 3.095843741311799e-07 0.0018405387463143596 2200 1231 7680
4.687958523448422 0.0019444899217694114 0.015651677865754984 3.1111838748310584e-07 0.001849658751222575 2272 1043 7611
4.692659412888008 0.001954197965330664 0.015721443470184424 3.1267167445290623e-07 0.0018588933415021592 2234 1077 7658
4.54986573099153 0.001951512168920054 0.01522855376986956 3.122419470272087e-07 0.0018563385291684618 2244 1228 7696
4.560654449859752 0.0019473688261879216 0.015242236212211954 3.115790121900675e-07 0.0018523972538458159 2156 1117 7718
4.548449445114794 0.0019300317397051847 0.015107763347637271 3.0880507835282957e-07 0.0018359056827790365 2265 1084 7646
4.565341196393781 0.0019460439309554843 0.015250719161597025 3.1136702895287753e-07 0.001851136972661689 2152 1106 7716
4.305487864293781 0.0019455760034057905 0.014380275975445573 3.112921605449265e-07 0.0018506918655528583 2221 1386 7715
4.777979341444601 0.0019623353738533467 0.016053394880605316 3.139736598165355e-07 0.0018666338953192536 2328 1101 7559
4.703870758002892 0.0019498491516259583 0.015734730255821956 3.1197586426015336e-07 0.0018547566158568925 2247 1062 7651
4.605345783722914 0.0019476825183452548 0.015393314765629908 3.116292029352408e-07 0.0018526956474952277 2186 1109 7704
4.743236480505111 0.0019567806643627887 0.01590541983449233 3.1308490629804623e-07 0.0018613500844315318 2262 1094 7635
4.719434756661656 0.0019552931586302343 0.015817278559786624 3.128469053808375e-07 0.0018599351231273304 2186 1035 7653
4.23116340229757 0.001943744581854874 0.014122832127833919 3.1099913309677986e-07 0.00184894976092125 2198 1383 7656
4.650661124950374 0.0019399068688528073 0.015501839527019716 3.103850990164492e-07 0.0018452992100186799 2271 1046 7632
4.688078152658807 0.001957609836742001 0.015725068838307196 3.132175738787202e-07 0.0018621388187573375 2191 1107 7695
4.345237813791763 0.001943874399661965 0.014504261018259055 3.110199039459144e-07 0.0018490732476209037 2299 1385 7677
4.679948752557474 0.001950746571401648 0.015659694100527675 3.121194514242637e-07 0.001855610269209909 2222 1078 7649
4.328141061442739 0.001945654449654298 0.014456340485913396 3.113047119446877e-07 0.001850766486042493 2205 1350 7724
4.184431950495737 0.0019294384913412892 0.013895720709434197 3.0871015861460627e-07 0.001835341366648804 2199 1323 7718
4.72637521095643 0.0019601376930330518 0.0158676961272754 3.136220308852883e-07 0.0018645433935809085 2226 1067 7637
4.447240365267284 0.0019419836616615255 0.014834756490735644 3.107173858658441e-07 0.0018472747193541183 2225 1214 7704
4.534440066350079 0.0019447975328321307 0.015140782309838108 3.111676052531409e-07 0.0018499513603473443 2179 1151 7719
4.538200735646262 0.0019538143232581476 0.015201907262537074 3.1261029172130365e-07 0.0018585284093372645 2194 1215 7726
4.290037908849408 0.001930468363879178 0.014251671353155436 3.088749382206685e-07 0.0018363210131519946 2207 1252 7701
4.534553994432377 0.001948499108646938 0.015161089429601477 3.117598573835101e-07 0.001853472413361053 2139 1140 7750
4.534554004432377 0.001948499108646938 0.015161089463036053 3.117598573835101e-07 0.001853472413361053 2139 1140 7750
4.534553994432377 0.001948509108646938 0.015161143253871596 3.1176145738351013e-07 0.0018534819256692966 2139 1140 7750
