15 500.0 0.00044001380207392524 7909 1083.333717916298
16 500.0 0.0004627528553447835 7624 1022.120583158447
17 500.0 0.00048749863892014357 7472 971.1882338062098
18 500.0 0.0005077331231559016 7375 925.1189502372882
19 500.0 0.0005297270685740408 7225 882.0934584083045
20 500.0 0.0005536990415012308 7060 845.9028699716714
21 500.0 0.000571498311400491 6897 816.3345532840367
22 500.0 0.0005963804679695227 6792 786.9039492049471
23 500.0 0.0006139502965941575 6724 758.6115878941106
24 500.0 0.0006369821544020179 6487 737.6869691691074
25 500.0 0.0006511776201609111 6391 711.4201718040995
26 500.0 0.0006691703332500031 6045 694.7844342431761
27 500.0 0.0006782265319048865 5881 683.0802681516749
28 500.0 0.0006858318353876049 5609 670.3004933143163
29 500.0 0.0006961223346067019 5176 661.6962772411129
30 500.0 0.000700024916729196 4910 654.5433566191446
