#voltage N_great N_less
0.021182754132810032  0 6943
0.03057224339200294  0 4577
0.03031665453206762  0 4758
0.02537725387871336  0 6238
0.028819335582635826  0 5265
0.0272376258828718  0 5777
0.028045155814206746  0 5613
0.03197576772166813  0 4128
0.023507117109497447  0 6526
0.025872191497492255  0 6129
0.02418850038885295  0 6530
0.022127764252113984  0 6787
0.02645801776655514  0 5975
0.022698414804424555  0 6697
0.020337328413663723  0 6982
0.023012763170964942  0 6498
0.027690767129543225  0 5772
0.025788396280109826  0 6090
0.024918160463029044  0 6338
0.029286493149118104  0 5097
0.024149555399763985  0 6512
0.020734031744181054  0 6990
0.02429834304617218  0 6413
0.025316431511323498  0 6188
