#voltage N_great N_less
0.02428560224083038  0 6404
0.021557937789977347  0 6893
0.029738434221220102  0 4960
0.021773650392980556  0 6842
0.02770305311169123  0 5686
0.031560051782654606  0 4311
0.030690576987857987  0 4580
0.02814233155249665  0 5486
0.022405358460037023  0 6877
0.025491886270632202  0 6198
0.020648187498110204  0 7099
0.02641589794421109  0 6035
0.026129861020173523  0 6051
0.029292594666275942  0 5139
0.023924274783111054  0 6481
0.028117377000552096  0 5566
0.028589622930581197  0 5380
0.024758459934852442  0 6420
0.02983518193414691  0 4803
0.029501429238485134  0 5059
0.029017596718109575  0 5247
0.029793791550114926  0 4872
0.028968808404060343  0 5321
0.025839938404018974  0 6133
0.029793250302939413  0 4881
0.029685819741516246  0 4895
0.026242103700626546  0 6000
0.027311551766522443  0 5767
0.025441134252157924  0 6237
0.026730692494328166  0 6001
0.028117377000552096  0 5566
0.028117387000552097  0 5566
0.0112977058135904  0 8334
0.01707626590554994  0 7489
0.012700043920234551  0 8309
0.015240706287928877  0 7941
0.01937660339638116  0 7205
0.017377700961250415  0 7518
0.011518914717493459  0 8331
0.010170766440207455  0 7517
0.01868488472195029  0 7153
0.015674571177977978  0 7737
0.016362484533036552  0 7454
0.014513896280381368  0 8066
0.018326525920659475  0 7377
0.013341436415709472  0 8403
0.012193770657845186  0 8284
0.011679118671880522  0 8261
0.0129622115131086  0 8275
0.01179981208528294  0 8329
0.016549809048050375  0 7596
0.01138819679780066  0 8123
0.010493297700962648  0 7703
0.013330694939374456  0 8196
0.013436840567469159  0 8258
0.011820243996891827  0 8381
0.014240794248774967  0 8252
0.01979661266285977  0 7057
0.011261055853664562  0 8140
0.010533092619206461  0 7773
0.019717651141794076  0 7226
0.014088343614296431  0 8114
0.011679118671880522  0 8261
0.011679128671880522  0 8272
0.04605379079105952  0 613
0.03366349610120255  0 3433
0.04147648528053517  0 1157
0.037420183072684  0 2060
0.036610628091788146  0 2300
0.04406138762924167  0 771
0.046413591886956734  0 572
0.03918765820266298  0 1656
0.043822176301837455  0 780
0.048758675027891205  0 413
0.032084729486995305  0 4040
0.03925616154007055  0 1694
0.0347174301239117  0 3019
0.04979938114696601  0 343
0.04197826547640152  0 1127
0.04276810322681221  0 964
0.03347718037028834  0 3423
0.039636561051585646  0 1578
0.04778668850901467  0 451
0.04237548214353926  0 1039
0.041550232644090516  0 1111
0.04185787696110561  0 1139
0.03683779614694181  0 2285
0.04989639808800073  0 367
0.040842729756857425  0 1307
0.045507024318765826  0 597
0.045786134549466  0 603
0.04471091882885218  0 712
0.04790254969514229  0 431
0.0382327600252657  0 1874
0.04276810322681221  0 964
0.04276811322681221  0 964
