1.0 0.004014056769891357 0.005856232683184533 6.422490831826172e-07 0.00381829453020648 6452.0 6452.0 3474.0
1.1 0.0036327747686381055 0.005981522785206712 5.81243962982097e-07 0.003455607337845005 5657.0 5654.0 4298.0
1.2 0.0047326363091806465 0.00783981929039768 7.572218094689035e-07 0.0045018295377247846 5285.0 5285.0 4847.0
1.3 0.0037887172264533756 0.007189301711511607 6.061947562325401e-07 0.0036039446105435957 4058.0 4057.0 5498.0
1.4 0.003913502005644065 0.00799050710477065 6.261603209030505e-07 0.0037226437389193344 3413.0 3413.0 6105.0
1.5 0.003705058455006711 0.008117992721054186 5.928093528010738e-07 0.0035243658084163805 2834.0 2823.0 6270.0
1.6 0.004194572365320807 0.009554000261907086 6.711315784513292e-07 0.003990006528854644 2477.0 2476.0 6457.0
1.7 0.003783397905690893 0.009052784624164376 6.053436649105429e-07 0.003598884708669724 2157.0 2147.0 6572.0
1.8 0.0038445084961773205 0.009909053216343902 6.151213593883713e-07 0.0036570149860345688 1741.0 1722.0 6638.0
1.9 0.0041752119199901985 0.011302867660381938 6.680339071984318e-07 0.0039715902764830505 1497.0 1485.0 6742.0
2.0 0.003934643083706925 0.01109580770846924 6.29542893393108e-07 0.0037427537840326896 1377.0 1336.0 6780.0
2.1 0.008099489361189722 0.020520335851391763 1.2959182977903556e-06 0.00770448394184852 1885.0 1881.0 6570.0
2.2 0.009429172408006234 0.024308887904517216 1.5086675852809976e-06 0.008969319442594364 1701.0 1692.0 6666.0
2.3 0.01384767013486715 0.034653012220852715 2.215627221578744e-06 0.013172330677699398 1847.0 1845.0 6645.0
2.4 0.010017095898300694 0.027417376792536766 1.6027353437281113e-06 0.009528570388921163 1531.0 1503.0 6632.0
2.5 0.011590034383599323 0.032336324630542854 1.854405501375892e-06 0.01102479796094167 1441.0 1410.0 6705.0
2.6 0.013060113694036623 0.036870155875483535 2.08961819104586e-06 0.012423182715266998 1310.0 1276.0 6750.0
2.7 0.019407943047679274 0.051955814390381105 3.105270887628684e-06 0.018461433664157766 1612.0 1591.0 6719.0
2.8 0.015221898772691308 0.045120034951298925 2.4355038036306094e-06 0.014479539317700544 1272.0 1197.0 6745.0
2.9 0.015039202760152335 0.045911043332728864 2.406272441624374e-06 0.014305753239087868 1132.0 1030.0 6689.0
3.0 0.017678434225527874 0.053532109093099335 2.82854947608446e-06 0.016816271561544232 1132.0 1034.0 6656.0
